# Realization 0
S_plus:
   1  2  3  4
1  0  1  1  0
2  1  0  0  1

S_minus:
   1  2  3  4
1  1  0  0  2
2  0  2  1  0

# Realization 1
S_plus:
   1   2   3   4   5   6   7   8   9   10
1   1   0   0   1   0   1   0   0   0   0
2   0   0   0   0   0   0   1   1   0   1
3   0   0   0   0   1   0   0   0   0   0
4   0   1   1   0   0   0   0   0   1   0

S_minus:
   1   2   3   4   5   6   7   8   9   10
1   0   0   0   0   1   0   2   1   1   0
2   1   1   1   0   0   1   0   0   0   0
3   0   0   1   0   0   0   0   1   1   1
4   0   0   0   2   0   1   0   0   0   0

# Realization 2
S_plus:
   1  2  3  4  5  6  7
1  0  1  0  1  0  0  1
2  0  0  1  0  1  0  0
3  1  0  0  0  0  1  0

S_minus:
   1  2  3  4  5  6  7
1  0  0  0  0  1  1  0
2  1  1  0  0  0  0  1
3  0  1  1  1  0  0  0

# Realization 3
S_plus:
   1  2  3  4
1  0  1  1  0
2  1  0  0  1

S_minus:
   1  2  3  4
1  1  0  0  2
2  0  1  2  0

# Realization 4
S_plus:
   1  2  3
1  0  1  0
2  1  0  1

S_minus:
   1  2  3
1  1  0  2
2  0  2  0

# Realization 5
S_plus:
   1  2  3  4  5  6  7  8
1  1  0  0  0  0  0  0  1
2  0  1  0  0  1  0  0  0
3  0  0  1  1  0  1  1  0

S_minus:
   1  2  3  4  5  6  7  8
1  0  1  0  1  0  1  2  0
2  0  0  1  1  0  0  0  1
3  1  1  0  0  1  0  0  1

# Realization 6
S_plus:
   1  2  3  4
1  0  1  1  0
2  1  0  0  1

S_minus:
   1  2  3  4
1  1  0  0  2
2  0  1  2  0

# Realization 7
S_plus:
   1   2   3   4   5   6   7   8   9   10  11
1   1   1   0   0   0   1   1   0   0   0   0
2   0   0   0   0   0   0   0   1   1   1   0
3   0   0   0   1   0   0   0   0   0   0   0
4   0   0   1   0   1   0   0   0   0   0   1

S_minus:
   1   2   3   4   5   6   7   8   9   10  11
1   0   0   0   1   1   0   0   0   1   1   1
2   1   0   1   0   0   1   0   0   0   0   0
3   1   0   0   0   1   0   1   0   1   0   0
4   0   1   0   0   0   0   0   1   0   0   0

# Realization 8
S_plus:
   1  2  3  4
1  1  0  0  1
2  0  1  1  0

S_minus:
   1  2  3  4
1  0  1  2  0
2  2  0  0  1

# Realization 9
S_plus:
   1  2  3  4  5  6  7  8  9
1  0  0  0  0  0  1  1  0  0
2  1  1  1  0  0  0  0  0  0
3  0  0  0  1  1  0  0  1  1

S_minus:
   1  2  3  4  5  6  7  8  9
1  1  0  1  0  0  0  0  1  1
2  0  0  0  2  1  1  0  1  0
3  0  2  1  0  0  1  2  0  0

# Realization 10
S_plus:
   1   2   3   4   5   6   7   8   9   10
1   0   0   0   0   0   1   1   1   0   0
2   0   0   1   0   1   0   0   0   0   1
3   1   0   0   1   0   0   0   0   0   0
4   0   1   0   0   0   0   0   0   1   0

S_minus:
   1   2   3   4   5   6   7   8   9   10
1   0   0   0   1   1   0   0   0   0   2
2   0   1   0   1   0   0   2   1   0   0
3   0   0   2   0   1   2   0   1   1   0
4   1   0   0   0   0   0   0   0   0   0

# Realization 11
S_plus:
   1  2  3
1  1  0  0
2  0  1  1

S_minus:
   1  2  3
1  0  2  1
2  2  0  0

# Realization 12
S_plus:
   1   2   3   4   5   6   7   8   9   10  11  12
1   0   0   0   0   0   0   0   0   0   1   0   0
2   0   0   0   1   0   0   0   1   0   0   0   0
3   0   0   0   0   1   0   0   0   0   0   1   0
4   1   0   0   0   0   0   1   0   1   0   0   1
5   0   0   0   0   0   1   0   0   0   0   0   0
6   0   1   1   0   0   0   0   0   0   0   0   0

S_minus:
   1   2   3   4   5   6   7   8   9   10  11  12
1   0   0   0   0   0   0   0   0   0   0   0   1
2   0   1   0   0   0   1   1   0   0   0   1   0
3   1   1   0   0   0   0   0   0   0   1   0   0
4   0   0   0   0   1   0   0   0   0   0   0   0
5   0   0   2   1   1   0   0   1   0   0   0   0
6   0   0   0   1   0   0   0   0   2   1   0   1

# Realization 13
S_plus:
   1  2  3
1  1  1  0
2  0  0  1

S_minus:
   1  2  3
1  0  0  2
2  1  2  0

# Realization 14
S_plus:
   1  2
1  0  1
2  1  0

S_minus:
   1  2
1  2  0
2  0  1

# Realization 15
S_plus:
   1  2  3  4  5
1  0  0  0  1  0
2  1  0  0  0  0
3  0  1  1  0  0
4  0  0  0  0  1

S_minus:
   1  2  3  4  5
1  0  0  1  0  1
2  0  0  1  1  0
3  1  0  0  1  1
4  0  1  0  0  0

# Realization 16
S_plus:
   1  2  3  4  5  6  7
1  0  0  1  0  0  1  0
2  0  1  0  1  0  0  0
3  1  0  0  0  1  0  0
4  0  0  0  0  0  0  1

S_minus:
   1  2  3  4  5  6  7
1  1  0  0  1  1  0  0
2  0  0  0  0  1  0  1
3  0  0  0  0  0  1  0
4  0  1  1  1  0  0  0

# Realization 17
S_plus:
   1  2  3
1  1  0  1
2  0  1  0

S_minus:
   1  2  3
1  0  2  0
2  1  0  2

# Realization 18
S_plus:
   1   2   3   4   5   6   7   8   9   10
1   0   0   0   1   0   0   1   1   0   0
2   1   0   0   0   0   1   0   0   0   0
3   0   0   1   0   1   0   0   0   1   1
4   0   1   0   0   0   0   0   0   0   0

S_minus:
   1   2   3   4   5   6   7   8   9   10
1   1   1   1   0   0   0   0   0   1   0
2   0   0   0   0   2   0   1   0   0   1
3   0   0   0   0   0   1   0   0   0   0
4   0   0   0   1   0   1   0   2   1   1

# Realization 19
S_plus:
   1  2  3
1  1  0  0
2  0  1  1

S_minus:
   1  2  3
1  0  2  1
2  1  0  0

# Realization 20
S_plus:
   1  2  3  4  5
1  0  1  1  0  1
2  1  0  0  0  0
3  0  0  0  1  0

S_minus:
   1  2  3  4  5
1  0  0  0  1  0
2  0  2  0  0  1
3  1  0  1  0  0

# Realization 21
S_plus:
   1   2   3   4   5   6   7   8   9   10  11
1   0   1   0   0   0   1   1   1   0   0   0
2   0   0   0   0   0   0   0   0   1   0   0
3   0   0   1   0   0   0   0   0   0   0   0
4   1   0   0   0   0   0   0   0   0   0   1
5   0   0   0   1   0   0   0   0   0   1   0
6   0   0   0   0   1   0   0   0   0   0   0

S_minus:
   1   2   3   4   5   6   7   8   9   10  11
1   0   0   0   1   1   0   0   0   0   0   0
2   1   0   1   0   0   0   1   0   0   0   0
3   0   0   0   0   0   1   0   1   0   1   0
4   0   0   0   0   0   0   0   0   1   0   0
5   0   0   0   0   0   0   0   1   0   0   1
6   1   2   0   0   0   0   1   0   0   1   1

# Realization 22
S_plus:
   1  2  3  4
1  0  1  0  1
2  1  0  1  0

S_minus:
   1  2  3  4
1  2  0  1  0
2  0  2  0  1

# Realization 23
S_plus:
   1  2  3  4
1  0  1  0  1
2  1  0  1  0

S_minus:
   1  2  3  4
1  1  0  2  0
2  0  2  0  1

# Realization 24
S_plus:
   1   2   3   4   5   6   7   8   9   10  11
1   0   1   0   1   0   0   1   0   0   1   0
2   0   0   0   0   1   1   0   0   1   0   0
3   0   0   0   0   0   0   0   1   0   0   1
4   1   0   1   0   0   0   0   0   0   0   0

S_minus:
   1   2   3   4   5   6   7   8   9   10  11
1   0   0   1   0   0   0   0   1   1   0   0
2   0   1   0   0   0   0   0   0   0   0   0
3   1   0   0   2   0   1   0   0   1   1   0
4   0   0   0   0   1   1   1   1   0   1   2

# Realization 25
S_plus:
   1  2  3
1  0  1  0
2  1  0  1

S_minus:
   1  2  3
1  2  0  1
2  0  1  0

# Realization 26
S_plus:
   1  2  3  4
1  1  0  0  1
2  0  1  1  0

S_minus:
   1  2  3  4
1  0  1  2  0
2  1  0  0  2

# Realization 27
S_plus:
   1  2  3  4  5  6  7  8  9
1  0  0  0  1  0  0  0  1  0
2  0  1  0  0  0  1  1  0  0
3  0  0  1  0  0  0  0  0  0
4  1  0  0  0  1  0  0  0  1

S_minus:
   1  2  3  4  5  6  7  8  9
1  1  0  0  0  1  0  1  0  0
2  0  0  1  1  0  0  0  0  2
3  1  0  0  0  0  0  0  0  0
4  0  2  0  1  0  1  0  1  0

# Realization 28
S_plus:
   1  2  3  4
1  1  0  0  1
2  0  1  1  0

S_minus:
   1  2  3  4
1  0  2  1  0
2  2  0  0  1

# Realization 29
S_plus:
   1  2  3  4
1  1  1  0  0
2  0  0  1  1

S_minus:
   1  2  3  4
1  0  0  2  1
2  2  1  0  0

# Realization 30
S_plus:
   1  2
1  0  1
2  1  0

S_minus:
   1  2
1  2  0
2  0  1

# Realization 31
S_plus:
   1  2  3  4  5  6  7  8
1  0  1  0  1  0  1  0  1
2  0  0  1  0  1  0  1  0
3  1  0  0  0  0  0  0  0

S_minus:
   1  2  3  4  5  6  7  8
1  0  0  1  0  0  0  0  0
2  1  0  0  2  0  1  0  1
3  0  1  1  0  1  1  2  0

# Realization 32
S_plus:
   1  2  3  4  5  6  7  8
1  0  1  0  1  1  0  0  1
2  0  0  0  0  0  1  1  0
3  1  0  1  0  0  0  0  0

S_minus:
   1  2  3  4  5  6  7  8
1  0  0  1  0  0  1  0  0
2  1  1  0  2  0  0  0  0
3  0  1  0  0  1  1  2  2

# Realization 33
S_plus:
   1  2  3  4
1  0  0  1  1
2  1  1  0  0

S_minus:
   1  2  3  4
1  1  2  0  0
2  0  0  2  1

# Realization 34
S_plus:
   1  2  3  4  5  6  7  8
1  0  0  0  0  0  0  0  1
2  0  0  0  1  0  0  0  0
3  1  0  1  0  1  1  1  0
4  0  1  0  0  0  0  0  0

S_minus:
   1  2  3  4  5  6  7  8
1  0  0  1  0  0  0  0  0
2  1  1  0  0  1  0  2  1
3  0  1  0  1  0  0  0  1
4  1  0  0  1  0  1  0  0

# Realization 35
S_plus:
   1  2  3  4  5  6
1  0  0  1  1  0  0
2  1  0  0  0  1  1
3  0  1  0  0  0  0

S_minus:
   1  2  3  4  5  6
1  2  1  0  0  0  1
2  0  0  1  2  0  0
3  0  0  0  0  1  1

# Realization 36
S_plus:
   1  2  3
1  0  0  1
2  1  1  0

S_minus:
   1  2  3
1  1  2  0
2  0  0  2

# Realization 37
S_plus:
   1  2  3  4
1  0  1  1  0
2  1  0  0  1

S_minus:
   1  2  3  4
1  1  0  0  2
2  0  1  2  0

# Realization 38
S_plus:
   1  2  3
1  0  1  1
2  1  0  0

S_minus:
   1  2  3
1  2  0  0
2  0  1  2

# Realization 39
S_plus:
   1  2  3  4  5  6
1  0  0  1  0  0  0
2  1  0  0  0  0  1
3  0  1  0  1  1  0

S_minus:
   1  2  3  4  5  6
1  0  2  0  0  1  0
2  0  0  2  1  0  0
3  2  0  0  0  0  1

# Realization 40
S_plus:
   1  2  3  4
1  0  0  1  1
2  1  1  0  0

S_minus:
   1  2  3  4
1  2  1  0  0
2  0  0  2  1

# Realization 41
S_plus:
   1   2   3   4   5   6   7   8   9   10
1   0   0   1   1   1   0   0   0   0   0
2   0   1   0   0   0   0   1   0   0   1
3   1   0   0   0   0   1   0   1   1   0

S_minus:
   1   2   3   4   5   6   7   8   9   10
1   2   0   0   0   0   0   1   1   0   1
2   0   0   2   0   1   2   0   0   1   0
3   0   1   0   1   0   0   0   0   0   1

# Realization 42
S_plus:
   1  2
1  1  0
2  0  1

S_minus:
   1  2
1  0  1
2  1  0

# Realization 43
S_plus:
   1  2  3
1  0  1  0
2  1  0  1

S_minus:
   1  2  3
1  2  0  1
2  0  2  0

# Realization 44
S_plus:
   1  2  3  4
1  1  0  0  0
2  0  1  0  0
3  0  0  1  0
4  0  0  0  1

S_minus:
   1  2  3  4
1  0  1  0  0
2  0  0  0  1
3  1  0  0  1
4  1  0  1  0

# Realization 45
S_plus:
   1  2  3  4
1  0  1  1  0
2  1  0  0  1

S_minus:
   1  2  3  4
1  2  0  0  1
2  0  1  2  0

# Realization 46
S_plus:
   1  2  3  4  5  6  7  8  9
1  0  0  0  0  0  1  1  0  0
2  0  0  0  0  1  0  0  0  1
3  1  0  1  0  0  0  0  0  0
4  0  1  0  1  0  0  0  1  0

S_minus:
   1  2  3  4  5  6  7  8  9
1  0  2  1  1  0  0  0  1  1
2  0  0  0  0  0  0  1  0  0
3  0  0  0  1  1  0  1  0  0
4  1  0  1  0  1  1  0  0  0

# Realization 47
S_plus:
   1  2  3
1  1  0  0
2  0  1  1

S_minus:
   1  2  3
1  0  1  2
2  1  0  0

# Realization 48
S_plus:
   1  2  3  4  5  6  7  8
1  0  0  0  0  1  1  0  1
2  1  1  1  0  0  0  0  0
3  0  0  0  1  0  0  1  0

S_minus:
   1  2  3  4  5  6  7  8
1  1  0  1  1  0  0  0  0
2  0  0  0  1  0  1  1  2
3  0  1  1  0  1  1  0  0

# Realization 49
S_plus:
   1  2  3  4  5  6  7  8
1  0  0  0  0  0  0  0  1
2  0  0  0  1  1  0  0  0
3  1  1  0  0  0  1  0  0
4  0  0  1  0  0  0  1  0

S_minus:
   1  2  3  4  5  6  7  8
1  0  1  1  1  0  0  0  0
2  0  0  0  0  0  0  1  1
3  0  0  0  0  1  0  0  0
4  2  1  0  1  0  1  0  0

