realization	parameter	index	value
0	kd	0	
0	kd	1	
0	kd	2	
0	kd	3	
0	kd	4	
0	kd	5	
0	kf	0	0.8989675712026971
0	kf	1	0.6000304784222934
0	kf	2	0.39857399878710076
0	kf	3	1.0
0	kf	4	0.04433324151729658
0	kf	5	0.07059097628242421
1	kd	0	
1	kd	1	
1	kd	2	
1	kd	3	
1	kd	4	
1	kd	5	
1	kd	6	
1	kd	7	
1	kd	8	
1	kd	9	
1	kd	10	
1	kf	0	0.09506546924360393
1	kf	1	0.5118004728393183
1	kf	2	0.8690897680129442
1	kf	3	0.8813300151209854
1	kf	4	0.7109465257812372
1	kf	5	0.6680764817147951
1	kf	6	0.3278569258487158
1	kf	7	0.1521961313393015
1	kf	8	0.03639693159108659
1	kf	9	0.6333126658096472
1	kf	10	1.0
2	kd	0	
2	kd	1	
2	kd	2	
2	kd	3	
2	kd	4	
2	kf	0	0.605558905197385
2	kf	1	0.3256203981502812
2	kf	2	0.9284361011025645
2	kf	3	0.9866086184879491
2	kf	4	1.0
3	kd	0	
3	kd	1	
3	kd	2	
3	kd	3	
3	kd	4	
3	kd	5	
3	kd	6	
3	kf	0	0.22834431163027027
3	kf	1	0.07899971626829932
3	kf	2	0.4124549650838754
3	kf	3	1.0
3	kf	4	0.1504843755163698
3	kf	5	0.2413112982859739
3	kf	6	0.24271024460413954
4	kd	0	
4	kd	1	
4	kd	2	
4	kd	3	
4	kd	4	
4	kd	5	
4	kd	6	
4	kd	7	
4	kd	8	
4	kd	9	
4	kf	0	0.29146792835111757
4	kf	1	0.9462042692227702
4	kf	2	1.0
4	kf	3	0.473243183718233
4	kf	4	0.838789138074725
4	kf	5	0.034949032907345516
4	kf	6	0.2194053315450356
4	kf	7	0.6537771393814574
4	kf	8	0.8905577233903982
4	kf	9	0.9566775783283626
5	kd	0	
5	kd	1	
5	kd	2	
5	kd	3	
5	kd	4	
5	kd	5	
5	kd	6	
5	kd	7	
5	kd	8	
5	kf	0	0.21477693695585434
5	kf	1	0.9645908798799326
5	kf	2	0.27419208138029333
5	kf	3	0.9527681627540194
5	kf	4	0.350846064449599
5	kf	5	1.0
5	kf	6	0.7265093854948746
5	kf	7	0.19963434392413174
5	kf	8	0.9250056798098151
6	kd	0	
6	kd	1	
6	kd	2	
6	kd	3	
6	kd	4	
6	kd	5	
6	kd	6	
6	kd	7	
6	kf	0	0.43397442707414186
6	kf	1	0.5251316052924676
6	kf	2	0.325568878522858
6	kf	3	0.7772303293248045
6	kf	4	0.19294554863866506
6	kf	5	1.0
6	kf	6	0.5102032005150786
6	kf	7	0.1820584360583262
7	kd	0	
7	kd	1	
7	kd	2	
7	kd	3	
7	kd	4	
7	kd	5	
7	kd	6	
7	kf	0	0.714010988210679
7	kf	1	0.5649880959659859
7	kf	2	0.906612112575787
7	kf	3	0.5264672299088077
7	kf	4	1.0
7	kf	5	0.925545086813152
7	kf	6	0.37533220967764735
8	kd	0	
8	kd	1	
8	kd	2	
8	kd	3	
8	kd	4	
8	kd	5	
8	kd	6	
8	kd	7	
8	kd	8	
8	kd	9	
8	kd	10	
8	kf	0	0.12034018280792917
8	kf	1	0.7357993813191327
8	kf	2	0.3798225608188645
8	kf	3	1.0
8	kf	4	0.5804137955078111
8	kf	5	0.41119684218521735
8	kf	6	0.3566897704767944
8	kf	7	0.3712612717073798
8	kf	8	0.6224276499359798
8	kf	9	0.4537342981467367
8	kf	10	0.9885516035445995
9	kd	0	
9	kd	1	
9	kd	2	
9	kd	3	
9	kd	4	
9	kd	5	
9	kd	6	
9	kd	7	
9	kd	8	
9	kd	9	
9	kf	0	0.4881512187869525
9	kf	1	0.01312447263680547
9	kf	2	0.814270426992018
9	kf	3	0.43789710599421816
9	kf	4	0.10006419402339999
9	kf	5	0.8849554537058976
9	kf	6	1.0
9	kf	7	0.3560305151018981
9	kf	8	0.9033580708402631
9	kf	9	0.11972035189436982
10	kd	0	
10	kd	1	
10	kd	2	
10	kd	3	
10	kd	4	
10	kd	5	
10	kd	6	
10	kd	7	
10	kd	8	
10	kd	9	
10	kd	10	
10	kf	0	0.7970092101424375
10	kf	1	0.46302564205978153
10	kf	2	0.25609222629252343
10	kf	3	0.7433440165905504
10	kf	4	0.6809218982041518
10	kf	5	1.0
10	kf	6	0.022828903127284132
10	kf	7	0.13642512378437868
10	kf	8	0.01723269518974284
10	kf	9	0.7820207358601265
10	kf	10	0.7206767869094042
11	kd	0	
11	kd	1	
11	kd	2	
11	kd	3	
11	kd	4	
11	kd	5	
11	kd	6	
11	kf	0	0.9246377637267281
11	kf	1	0.32433334494617133
11	kf	2	1.0
11	kf	3	0.5704581209672739
11	kf	4	0.30681617927678084
11	kf	5	0.68119924536202
11	kf	6	0.0322808323275952
12	kd	0	
12	kd	1	
12	kd	2	
12	kd	3	
12	kd	4	
12	kd	5	
12	kd	6	
12	kd	7	
12	kd	8	
12	kd	9	
12	kd	10	
12	kf	0	0.44040868903628977
12	kf	1	0.5954626841858914
12	kf	2	0.8886651799740584
12	kf	3	0.6353380054820746
12	kf	4	0.3394289491437005
12	kf	5	0.6025297333941457
12	kf	6	0.7980747652626276
12	kf	7	1.0
12	kf	8	0.36366607362738035
12	kf	9	0.3183352729057808
12	kf	10	0.22272618069650166
13	kd	0	
13	kd	1	
13	kd	2	
13	kd	3	
13	kd	4	
13	kf	0	0.3708269707159496
13	kf	1	0.19489461435689556
13	kf	2	1.0
13	kf	3	0.6337585136963131
13	kf	4	0.34605113096336676
14	kd	0	
14	kd	1	
14	kd	2	
14	kd	3	
14	kd	4	
14	kd	5	
14	kd	6	
14	kd	7	
14	kd	8	
14	kd	9	
14	kd	10	
14	kd	11	
14	kf	0	0.40650855414993864
14	kf	1	0.16749053068726122
14	kf	2	0.36340876002000283
14	kf	3	0.22336894379775152
14	kf	4	0.18568321249397046
14	kf	5	0.7362309437565429
14	kf	6	0.9509156842805366
14	kf	7	0.0458252802153333
14	kf	8	0.8111015366822487
14	kf	9	1.0
14	kf	10	0.776078044188906
14	kf	11	0.6559111726824336
15	kd	0	
15	kd	1	
15	kd	2	
15	kd	3	
15	kd	4	
15	kd	5	
15	kd	6	
15	kf	0	0.4531755046086435
15	kf	1	1.0
15	kf	2	0.113740965006078
15	kf	3	0.6758254017049194
15	kf	4	0.6660357105600857
15	kf	5	0.9206446445577915
15	kf	6	0.06275223368135899
16	kd	0	
16	kd	1	
16	kd	2	
16	kd	3	
16	kd	4	
16	kd	5	
16	kd	6	
16	kd	7	
16	kd	8	
16	kd	9	
16	kd	10	
16	kd	11	
16	kf	0	0.7190375529458655
16	kf	1	0.7357554492439886
16	kf	2	1.0
16	kf	3	0.7818882654842985
16	kf	4	0.6074650948009288
16	kf	5	0.20351833128248076
16	kf	6	0.7038675096502494
16	kf	7	0.6694958296189042
16	kf	8	0.6203415718476382
16	kf	9	0.2473611066506076
16	kf	10	0.8276337275768617
16	kf	11	0.8926057037925703
17	kd	0	
17	kd	1	
17	kd	2	
17	kd	3	
17	kd	4	
17	kd	5	
17	kd	6	
17	kd	7	
17	kd	8	
17	kd	9	
17	kd	10	
17	kf	0	1.0
17	kf	1	0.8091352890471123
17	kf	2	0.8334357659980733
17	kf	3	0.594303645775863
17	kf	4	0.12469872929486636
17	kf	5	0.6789152045428704
17	kf	6	0.13999304918646333
17	kf	7	0.6877523038580754
17	kf	8	0.6036274342846352
17	kf	9	0.1677465903710089
17	kf	10	0.9767805866444409
18	kd	0	
18	kd	1	
18	kd	2	
18	kd	3	
18	kd	4	
18	kd	5	
18	kf	0	0.4550115880106702
18	kf	1	0.24485887435287326
18	kf	2	0.8612975122267645
18	kf	3	0.23435412569568229
18	kf	4	1.0
18	kf	5	0.44241774096025793
19	kd	0	
19	kd	1	
19	kd	2	
19	kd	3	
19	kd	4	
19	kd	5	
19	kd	6	
19	kd	7	
19	kd	8	
19	kf	0	0.8055451124378007
19	kf	1	0.7561831818137298
19	kf	2	0.019922298037310656
19	kf	3	0.8982481527666493
19	kf	4	0.32692981758754297
19	kf	5	0.789669482033116
19	kf	6	1.0
19	kf	7	0.8717095941423042
19	kf	8	0.8978568592612236
20	kd	0	
20	kd	1	
20	kd	2	
20	kd	3	
20	kf	0	0.921389953977679
20	kf	1	1.0
20	kf	2	0.9944778592127786
20	kf	3	0.039835967932784065
21	kd	0	
21	kd	1	
21	kd	2	
21	kd	3	
21	kd	4	
21	kd	5	
21	kd	6	
21	kd	7	
21	kd	8	
21	kd	9	
21	kd	10	
21	kf	0	0.5524750063751549
21	kf	1	0.13660747002662005
21	kf	2	0.12511452318652022
21	kf	3	0.0659135410898434
21	kf	4	0.8981483221428741
21	kf	5	0.2772577144224151
21	kf	6	1.0
21	kf	7	0.05177107343178344
21	kf	8	0.9193229442367719
21	kf	9	0.8491214743703305
21	kf	10	0.10107393531116796
22	kd	0	
22	kd	1	
22	kd	2	
22	kd	3	
22	kd	4	
22	kd	5	
22	kd	6	
22	kd	7	
22	kd	8	
22	kd	9	
22	kd	10	
22	kf	0	0.26027198576296584
22	kf	1	0.1035636396446617
22	kf	2	0.19817890175428557
22	kf	3	0.2929865154698616
22	kf	4	0.27914708194931526
22	kf	5	1.0
22	kf	6	0.28462300738269314
22	kf	7	0.9042948219068841
22	kf	8	0.7543919849538011
22	kf	9	0.7455282010336499
22	kf	10	0.21644754710891853
23	kd	0	
23	kd	1	
23	kd	2	
23	kd	3	
23	kd	4	
23	kd	5	
23	kd	6	
23	kd	7	
23	kd	8	
23	kd	9	
23	kf	0	1.0
23	kf	1	0.7759816873430876
23	kf	2	0.3663849669834425
23	kf	3	0.7101684501672675
23	kf	4	0.14704110326650033
23	kf	5	0.5144802227196285
23	kf	6	0.5299826737532585
23	kf	7	0.44525769394633724
23	kf	8	0.005231860518419341
23	kf	9	0.10740126130726094
24	kd	0	
24	kd	1	
24	kd	2	
24	kd	3	
24	kd	4	
24	kd	5	
24	kd	6	
24	kd	7	
24	kd	8	
24	kf	0	1.0
24	kf	1	0.5477616769512121
24	kf	2	0.05427489869308239
24	kf	3	0.9395293209702102
24	kf	4	0.34725589912189053
24	kf	5	0.5180834139579434
24	kf	6	0.25978308736097205
24	kf	7	0.39033143545864557
24	kf	8	0.27705685025346277
25	kd	0	
25	kd	1	
25	kd	2	
25	kd	3	
25	kd	4	
25	kd	5	
25	kd	6	
25	kd	7	
25	kd	8	
25	kd	9	
25	kd	10	
25	kd	11	
25	kf	0	0.9222533945141184
25	kf	1	0.9215746584788991
25	kf	2	0.8275488100866261
25	kf	3	1.0
25	kf	4	0.9622452647186466
25	kf	5	0.8429943848947887
25	kf	6	0.4816696394314212
25	kf	7	0.5364943092211832
25	kf	8	0.4166642687218297
25	kf	9	0.7444731717130415
25	kf	10	0.703862039244318
25	kf	11	0.8709790736998464
26	kd	0	
26	kd	1	
26	kd	2	
26	kd	3	
26	kd	4	
26	kd	5	
26	kd	6	
26	kd	7	
26	kd	8	
26	kd	9	
26	kf	0	0.8690425164567526
26	kf	1	0.29910797803318634
26	kf	2	0.5182633842575926
26	kf	3	0.9233404151531991
26	kf	4	0.9203421039985774
26	kf	5	0.3397702108008856
26	kf	6	0.5886133053654189
26	kf	7	0.42197524511027185
26	kf	8	0.9257586191022366
26	kf	9	1.0
27	kd	0	
27	kd	1	
27	kd	2	
27	kd	3	
27	kd	4	
27	kd	5	
27	kd	6	
27	kd	7	
27	kd	8	
27	kf	0	0.6810670986872991
27	kf	1	0.023249543501617623
27	kf	2	1.0
27	kf	3	0.3453744308678214
27	kf	4	0.524641177620512
27	kf	5	0.20270145700545794
27	kf	6	0.2514190057539785
27	kf	7	0.10777615431416547
27	kf	8	0.8815399450858002
28	kd	0	
28	kd	1	
28	kd	2	
28	kd	3	
28	kd	4	
28	kd	5	
28	kd	6	
28	kd	7	
28	kd	8	
28	kf	0	0.5963237647462682
28	kf	1	0.09009939636704595
28	kf	2	0.8623588661310054
28	kf	3	0.47791001732835897
28	kf	4	1.0
28	kf	5	0.22975067839089958
28	kf	6	0.4130872182307289
28	kf	7	0.2941420731997251
28	kf	8	0.8279935439241206
29	kd	0	
29	kd	1	
29	kd	2	
29	kd	3	
29	kd	4	
29	kd	5	
29	kd	6	
29	kd	7	
29	kd	8	
29	kd	9	
29	kf	0	0.5975108817428424
29	kf	1	0.3821970492331871
29	kf	2	0.10228968886983314
29	kf	3	0.6624952402120151
29	kf	4	1.0
29	kf	5	0.4027609358875501
29	kf	6	0.5553198611776959
29	kf	7	0.5693525329559667
29	kf	8	0.504677767663941
29	kf	9	0.1547850469495766
30	kd	0	
30	kd	1	
30	kd	2	
30	kd	3	
30	kd	4	
30	kd	5	
30	kd	6	
30	kd	7	
30	kd	8	
30	kd	9	
30	kf	0	0.8918538194070167
30	kf	1	0.03134783661947809
30	kf	2	0.7593549642536611
30	kf	3	0.6884757338978844
30	kf	4	0.8076776462873732
30	kf	5	0.44900934868429143
30	kf	6	0.5555709828773554
30	kf	7	0.4947719169285558
30	kf	8	1.0
30	kf	9	0.12820806491893405
31	kd	0	
31	kd	1	
31	kd	2	
31	kd	3	
31	kd	4	
31	kd	5	
31	kd	6	
31	kd	7	
31	kd	8	
31	kf	0	0.7230928494352074
31	kf	1	0.5155732715401112
31	kf	2	0.5401770503383384
31	kf	3	0.196049709392407
31	kf	4	1.0
31	kf	5	0.042868214956636855
31	kf	6	0.8532442325035773
31	kf	7	0.4872241438328284
31	kf	8	0.7325320845714094
32	kd	0	
32	kd	1	
32	kd	2	
32	kd	3	
32	kd	4	
32	kd	5	
32	kd	6	
32	kd	7	
32	kf	0	0.6890659695701602
32	kf	1	0.20610650493720975
32	kf	2	1.0
32	kf	3	0.11467936288072975
32	kf	4	0.35663178637607806
32	kf	5	0.3241407810802899
32	kf	6	0.2848006744920287
32	kf	7	0.9314980450538288
33	kd	0	
33	kd	1	
33	kd	2	
33	kd	3	
33	kd	4	
33	kd	5	
33	kd	6	
33	kd	7	
33	kd	8	
33	kf	0	0.8342395941657058
33	kf	1	0.8844051953516259
33	kf	2	1.0
33	kf	3	0.6919555020463986
33	kf	4	0.5225274495326191
33	kf	5	0.10306822278177191
33	kf	6	0.8620486705603809
33	kf	7	0.2569053643621164
33	kf	8	0.5046119892187999
34	kd	0	
34	kd	1	
34	kd	2	
34	kd	3	
34	kd	4	
34	kd	5	
34	kd	6	
34	kd	7	
34	kd	8	
34	kd	9	
34	kd	10	
34	kd	11	
34	kf	0	0.9432222143473836
34	kf	1	0.7249290180261971
34	kf	2	1.0
34	kf	3	0.44577088079042193
34	kf	4	0.4417264780805553
34	kf	5	0.04343106434233688
34	kf	6	0.5825710773145293
34	kf	7	0.543391217673586
34	kf	8	0.3317419069990573
34	kf	9	0.36863511327406717
34	kf	10	0.034546547206073495
34	kf	11	0.792886423745992
35	kd	0	
35	kd	1	
35	kd	2	
35	kd	3	
35	kd	4	
35	kf	0	0.25248351762639754
35	kf	1	0.8716338827313368
35	kf	2	0.9165477173186238
35	kf	3	1.0
35	kf	4	0.5513882908189167
36	kd	0	
36	kd	1	
36	kd	2	
36	kd	3	
36	kd	4	
36	kd	5	
36	kd	6	
36	kd	7	
36	kf	0	0.2500910014475074
36	kf	1	0.8733296239550866
36	kf	2	1.0
36	kf	3	0.8278224950191508
36	kf	4	0.34851646594730906
36	kf	5	0.6633457149387016
36	kf	6	0.16123634532062653
36	kf	7	0.5383027133561782
37	kd	0	
37	kd	1	
37	kd	2	
37	kd	3	
37	kd	4	
37	kd	5	
37	kd	6	
37	kd	7	
37	kd	8	
37	kd	9	
37	kd	10	
37	kf	0	0.8111444958897425
37	kf	1	0.32443046621535715
37	kf	2	1.0
37	kf	3	0.9945591069300699
37	kf	4	0.7927196665833128
37	kf	5	0.7937207299891459
37	kf	6	0.878024799883238
37	kf	7	0.9373456570007894
37	kf	8	0.9201475472915793
37	kf	9	0.1835846074546131
37	kf	10	0.13364899208364303
38	kd	0	
38	kd	1	
38	kd	2	
38	kd	3	
38	kd	4	
38	kd	5	
38	kd	6	
38	kd	7	
38	kd	8	
38	kf	0	0.7377833779096787
38	kf	1	0.2362470063100741
38	kf	2	0.9559823003901172
38	kf	3	0.03047038117249707
38	kf	4	0.26517671460405356
38	kf	5	0.805324047080509
38	kf	6	1.0
38	kf	7	0.21774256080674784
38	kf	8	0.8694221394993361
39	kd	0	
39	kd	1	
39	kd	2	
39	kd	3	
39	kd	4	
39	kd	5	
39	kd	6	
39	kd	7	
39	kd	8	
39	kd	9	
39	kd	10	
39	kf	0	1.0
39	kf	1	0.16282064846388963
39	kf	2	0.7755318363593435
39	kf	3	0.7716198034108357
39	kf	4	0.0528205101973745
39	kf	5	0.98869921458396
39	kf	6	0.590964615382402
39	kf	7	0.6418169397850472
39	kf	8	0.6155535048669929
39	kf	9	0.20994950604767632
39	kf	10	0.798864269270441
40	kd	0	
40	kd	1	
40	kd	2	
40	kd	3	
40	kd	4	
40	kd	5	
40	kd	6	
40	kd	7	
40	kd	8	
40	kd	9	
40	kf	0	0.5724867061536546
40	kf	1	0.20345631479619702
40	kf	2	0.3906787080364298
40	kf	3	0.7488212693481366
40	kf	4	0.8089492802448623
40	kf	5	0.02067061349391334
40	kf	6	1.0
40	kf	7	0.9786615870049813
40	kf	8	0.17683289668718172
40	kf	9	0.3303050686710375
41	kd	0	
41	kd	1	
41	kd	2	
41	kd	3	
41	kd	4	
41	kd	5	
41	kd	6	
41	kd	7	
41	kd	8	
41	kd	9	
41	kf	0	1.0
41	kf	1	0.4182087350642772
41	kf	2	0.773090284301609
41	kf	3	0.610597784479404
41	kf	4	0.992710362238473
41	kf	5	0.5197951609714827
41	kf	6	0.03360412000009437
41	kf	7	0.9321315227355639
41	kf	8	0.4139785555329831
41	kf	9	0.3956911828305022
42	kd	0	
42	kd	1	
42	kd	2	
42	kd	3	
42	kd	4	
42	kd	5	
42	kd	6	
42	kd	7	
42	kd	8	
42	kf	0	0.7942480227491723
42	kf	1	0.07297014219985547
42	kf	2	0.660359675766803
42	kf	3	1.0
42	kf	4	0.6110538042071325
42	kf	5	0.8376166722734414
42	kf	6	0.33957084850665936
42	kf	7	0.5412786938206654
42	kf	8	0.3657278396308124
43	kd	0	
43	kd	1	
43	kd	2	
43	kd	3	
43	kd	4	
43	kd	5	
43	kd	6	
43	kd	7	
43	kd	8	
43	kd	9	
43	kd	10	
43	kd	11	
43	kf	0	0.3104146354086348
43	kf	1	0.9956343295043675
43	kf	2	0.7821071728630272
43	kf	3	0.5534229345568797
43	kf	4	0.9506673539689571
43	kf	5	0.10895988982977828
43	kf	6	1.0
43	kf	7	0.26437559844101877
43	kf	8	0.518800161287466
43	kf	9	0.8791187216129971
43	kf	10	0.6369613313336904
43	kf	11	0.21406962416061368
44	kd	0	
44	kd	1	
44	kd	2	
44	kd	3	
44	kd	4	
44	kd	5	
44	kd	6	
44	kd	7	
44	kd	8	
44	kd	9	
44	kd	10	
44	kd	11	
44	kf	0	1.0
44	kf	1	0.16815043446805777
44	kf	2	0.6153935586949727
44	kf	3	0.05040932216892262
44	kf	4	0.005007104035496689
44	kf	5	0.7139172120581778
44	kf	6	0.8274450494806221
44	kf	7	0.8627330603296512
44	kf	8	0.40002345361350167
44	kf	9	0.9021800606856132
44	kf	10	0.2723475018585276
44	kf	11	0.5355241617016189
45	kd	0	
45	kd	1	
45	kd	2	
45	kd	3	
45	kd	4	
45	kd	5	
45	kd	6	
45	kd	7	
45	kd	8	
45	kd	9	
45	kf	0	0.41386100141722276
45	kf	1	0.019440104917883914
45	kf	2	1.0
45	kf	3	0.9258298039852015
45	kf	4	0.5670480314471089
45	kf	5	0.7671377661350125
45	kf	6	0.14286805107914652
45	kf	7	0.26784643663373764
45	kf	8	0.8879286805308179
45	kf	9	0.7750325458097899
46	kd	0	
46	kd	1	
46	kd	2	
46	kd	3	
46	kd	4	
46	kd	5	
46	kd	6	
46	kd	7	
46	kd	8	
46	kd	9	
46	kd	10	
46	kd	11	
46	kf	0	0.20460043793125776
46	kf	1	0.6884462886773393
46	kf	2	0.019673777972323232
46	kf	3	0.4462570940898223
46	kf	4	0.6223977995455254
46	kf	5	0.8056375679565129
46	kf	6	0.8029353395131028
46	kf	7	0.6471706241787771
46	kf	8	1.0
46	kf	9	0.7016770444173073
46	kf	10	0.5799472360992609
46	kf	11	0.08229011695714439
47	kd	0	
47	kd	1	
47	kd	2	
47	kd	3	
47	kd	4	
47	kd	5	
47	kd	6	
47	kd	7	
47	kd	8	
47	kd	9	
47	kd	10	
47	kf	0	0.9150289408446918
47	kf	1	0.9565585133147448
47	kf	2	0.8246378513102084
47	kf	3	0.2637404581938526
47	kf	4	0.13920680658657483
47	kf	5	0.4375204196472668
47	kf	6	0.14587844024927293
47	kf	7	0.14351019657016265
47	kf	8	0.5732405484093751
47	kf	9	0.8114292079304495
47	kf	10	1.0
48	kd	0	
48	kd	1	
48	kd	2	
48	kd	3	
48	kd	4	
48	kd	5	
48	kd	6	
48	kd	7	
48	kd	8	
48	kf	0	0.32263029538023236
48	kf	1	1.0
48	kf	2	0.40005526804159
48	kf	3	0.10990335763853357
48	kf	4	0.4524931263000935
48	kf	5	0.7060380285664678
48	kf	6	0.8388384861621305
48	kf	7	0.49882608397025463
48	kf	8	0.910539097610459
49	kd	0	
49	kd	1	
49	kd	2	
49	kd	3	
49	kd	4	
49	kd	5	
49	kd	6	
49	kd	7	
49	kd	8	
49	kd	9	
49	kf	0	0.5267908520898951
49	kf	1	1.0
49	kf	2	0.9250747976456279
49	kf	3	0.3420501181243028
49	kf	4	0.953130063411276
49	kf	5	0.2656121530221407
49	kf	6	0.9549335671248979
49	kf	7	0.3495555402913221
49	kf	8	0.39260060219296833
49	kf	9	0.5038294286446512
50	kd	0	
50	kd	1	
50	kd	2	
50	kd	3	
50	kd	4	
50	kd	5	
50	kd	6	
50	kd	7	
50	kf	0	0.9808869469141542
50	kf	1	1.0
50	kf	2	0.316505436508323
50	kf	3	0.85289865385221
50	kf	4	0.7419821118821937
50	kf	5	0.6157816240468302
50	kf	6	0.8921852915778726
50	kf	7	0.012027965017194005
51	kd	0	
51	kd	1	
51	kd	2	
51	kd	3	
51	kd	4	
51	kd	5	
51	kd	6	
51	kd	7	
51	kd	8	
51	kd	9	
51	kd	10	
51	kf	0	0.7514833545317215
51	kf	1	1.0
51	kf	2	0.8591328096538129
51	kf	3	0.9288839050964208
51	kf	4	0.7538429417113328
51	kf	5	0.6881507625021336
51	kf	6	0.37344402627675816
51	kf	7	0.988881734652724
51	kf	8	0.6049268706727602
51	kf	9	0.5757307838311931
51	kf	10	0.0015476651017263554
52	kd	0	
52	kd	1	
52	kd	2	
52	kd	3	
52	kd	4	
52	kd	5	
52	kd	6	
52	kd	7	
52	kd	8	
52	kf	0	0.5154430018766198
52	kf	1	0.06390652057026788
52	kf	2	0.8675963282949478
52	kf	3	1.0
52	kf	4	0.2681290875580892
52	kf	5	0.2150009444189704
52	kf	6	0.7962499906711245
52	kf	7	0.3215602690605675
52	kf	8	0.37375609039929647
53	kd	0	
53	kd	1	
53	kd	2	
53	kd	3	
53	kd	4	
53	kf	0	0.6906317384845401
53	kf	1	1.0
53	kf	2	0.27790246849653333
53	kf	3	0.11578233549068732
53	kf	4	0.1039532606549574
54	kd	0	
54	kd	1	
54	kd	2	
54	kd	3	
54	kd	4	
54	kd	5	
54	kd	6	
54	kd	7	
54	kd	8	
54	kd	9	
54	kd	10	
54	kd	11	
54	kf	0	0.519827414373079
54	kf	1	0.5178241806437861
54	kf	2	1.0
54	kf	3	0.48534496621802725
54	kf	4	0.24208356089072802
54	kf	5	0.22414714155063425
54	kf	6	0.08454558056557672
54	kf	7	0.3881531603867239
54	kf	8	0.1648080412788445
54	kf	9	0.02510893375861328
54	kf	10	0.2212150573596803
54	kf	11	0.2965428857452553
55	kd	0	
55	kd	1	
55	kd	2	
55	kd	3	
55	kd	4	
55	kd	5	
55	kd	6	
55	kd	7	
55	kd	8	
55	kd	9	
55	kf	0	0.812018863566897
55	kf	1	1.0
55	kf	2	0.6215388817512867
55	kf	3	0.530068200165625
55	kf	4	0.8993079384591938
55	kf	5	0.5135818636390395
55	kf	6	0.8507805263724857
55	kf	7	0.6722557924603778
55	kf	8	0.27120794401622084
55	kf	9	0.11746229290460891
56	kd	0	
56	kd	1	
56	kd	2	
56	kd	3	
56	kd	4	
56	kd	5	
56	kf	0	0.1331927684575166
56	kf	1	0.6460003530919046
56	kf	2	0.9005799631862743
56	kf	3	0.7668553036218794
56	kf	4	0.37460696835973584
56	kf	5	1.0
57	kd	0	
57	kd	1	
57	kd	2	
57	kd	3	
57	kd	4	
57	kd	5	
57	kd	6	
57	kd	7	
57	kf	0	0.7486693678876961
57	kf	1	0.5133105122886868
57	kf	2	0.8714624278207711
57	kf	3	0.861129448129316
57	kf	4	1.0
57	kf	5	0.493859994845928
57	kf	6	0.26109454002726523
57	kf	7	0.1427731023224438
58	kd	0	
58	kd	1	
58	kd	2	
58	kd	3	
58	kd	4	
58	kd	5	
58	kd	6	
58	kd	7	
58	kf	0	0.04247900510987877
58	kf	1	0.6276576154940708
58	kf	2	0.26778187968749345
58	kf	3	0.40652994311682605
58	kf	4	0.28869216541976805
58	kf	5	0.07179128985782461
58	kf	6	0.7429640879176455
58	kf	7	1.0
59	kd	0	
59	kd	1	
59	kd	2	
59	kd	3	
59	kd	4	
59	kd	5	
59	kd	6	
59	kd	7	
59	kd	8	
59	kd	9	
59	kd	10	
59	kd	11	
59	kf	0	0.3851755017232956
59	kf	1	0.22080997932184634
59	kf	2	1.0
59	kf	3	0.6768890297105163
59	kf	4	0.23979619721980502
59	kf	5	0.8119554786587903
59	kf	6	0.6282005392227077
59	kf	7	0.7850836747151582
59	kf	8	0.2537833690784891
59	kf	9	0.8284735331681345
59	kf	10	0.7658813694158498
59	kf	11	0.6860909318465003
60	kd	0	
60	kd	1	
60	kd	2	
60	kd	3	
60	kd	4	
60	kd	5	
60	kd	6	
60	kd	7	
60	kd	8	
60	kd	9	
60	kd	10	
60	kd	11	
60	kf	0	0.38175418366841585
60	kf	1	1.0
60	kf	2	0.35161299498248744
60	kf	3	0.6766895195163783
60	kf	4	0.6919111647832898
60	kf	5	0.621796932429875
60	kf	6	0.9808632491109734
60	kf	7	0.5064924602402652
60	kf	8	0.8859208490937837
60	kf	9	0.4666072566228042
60	kf	10	0.4954755717243271
60	kf	11	0.028363479173933597
61	kd	0	
61	kd	1	
61	kd	2	
61	kd	3	
61	kd	4	
61	kd	5	
61	kd	6	
61	kd	7	
61	kd	8	
61	kd	9	
61	kf	0	0.9111463077552306
61	kf	1	0.8124079273761682
61	kf	2	0.4254823149086353
61	kf	3	0.29733486528124575
61	kf	4	0.831461969045933
61	kf	5	1.0
61	kf	6	0.35580756644748984
61	kf	7	0.7647273808859723
61	kf	8	0.5687375313047469
61	kf	9	0.6426761954353667
62	kd	0	
62	kd	1	
62	kd	2	
62	kd	3	
62	kd	4	
62	kd	5	
62	kd	6	
62	kd	7	
62	kd	8	
62	kf	0	0.6426822332217533
62	kf	1	0.8629249039093456
62	kf	2	0.9119406506237514
62	kf	3	0.6071910215327856
62	kf	4	0.858768359477497
62	kf	5	0.7244257886016899
62	kf	6	0.29189414179560436
62	kf	7	0.4253779748148697
62	kf	8	1.0
63	kd	0	
63	kd	1	
63	kd	2	
63	kd	3	
63	kd	4	
63	kd	5	
63	kd	6	
63	kd	7	
63	kd	8	
63	kf	0	0.7171213713045229
63	kf	1	0.5108237825246928
63	kf	2	0.7981504521004454
63	kf	3	0.40474673009421797
63	kf	4	0.7510575049730734
63	kf	5	0.9898788468115056
63	kf	6	1.0
63	kf	7	0.48518150013441136
63	kf	8	0.7975823497138663
64	kd	0	
64	kd	1	
64	kd	2	
64	kd	3	
64	kd	4	
64	kd	5	
64	kd	6	
64	kd	7	
64	kf	0	0.4961519538547123
64	kf	1	0.49394368378769526
64	kf	2	0.4541920120362542
64	kf	3	0.03695598618108369
64	kf	4	0.8961537669685589
64	kf	5	0.592623878210465
64	kf	6	1.0
64	kf	7	0.6268610561396678
65	kd	0	
65	kd	1	
65	kd	2	
65	kd	3	
65	kd	4	
65	kd	5	
65	kd	6	
65	kd	7	
65	kf	0	0.5100629867880603
65	kf	1	0.1415449315538045
65	kf	2	0.7823335932847723
65	kf	3	0.5998033204705381
65	kf	4	1.0
65	kf	5	0.15741404423521793
65	kf	6	0.1901425955940391
65	kf	7	0.052879460311688116
66	kd	0	
66	kd	1	
66	kd	2	
66	kd	3	
66	kd	4	
66	kd	5	
66	kd	6	
66	kd	7	
66	kd	8	
66	kd	9	
66	kd	10	
66	kf	0	0.32755806885528643
66	kf	1	0.517934283868202
66	kf	2	0.27179567341271355
66	kf	3	0.23297248382924687
66	kf	4	1.0
66	kf	5	0.3284686712941557
66	kf	6	0.6551218499325244
66	kf	7	0.6986617765234107
66	kf	8	0.6200320179200073
66	kf	9	0.4576785271441645
66	kf	10	0.06868311556752052
67	kd	0	
67	kd	1	
67	kd	2	
67	kd	3	
67	kd	4	
67	kd	5	
67	kd	6	
67	kd	7	
67	kd	8	
67	kd	9	
67	kf	0	0.6824373027067808
67	kf	1	0.3373949814962622
67	kf	2	0.006179817095751133
67	kf	3	0.8167076781526132
67	kf	4	0.09478574528682725
67	kf	5	0.20831214899830328
67	kf	6	1.0
67	kf	7	0.9715849077782869
67	kf	8	0.8117550704181271
67	kf	9	0.3460390678995285
68	kd	0	
68	kd	1	
68	kd	2	
68	kd	3	
68	kd	4	
68	kd	5	
68	kd	6	
68	kd	7	
68	kd	8	
68	kf	0	0.17267280572457072
68	kf	1	0.38359200561005136
68	kf	2	0.8587324418016815
68	kf	3	0.17241934123059013
68	kf	4	0.5091514968482682
68	kf	5	1.0
68	kf	6	0.09238448056812043
68	kf	7	0.9020352999553697
68	kf	8	0.3283860535456526
69	kd	0	
69	kd	1	
69	kd	2	
69	kd	3	
69	kd	4	
69	kd	5	
69	kd	6	
69	kd	7	
69	kd	8	
69	kd	9	
69	kd	10	
69	kd	11	
69	kf	0	0.014583080019083983
69	kf	1	0.10233324577824174
69	kf	2	0.5172306406343492
69	kf	3	0.7438830619813245
69	kf	4	0.08059369656701094
69	kf	5	0.13511758298213652
69	kf	6	0.6849722884830265
69	kf	7	0.8419809600018625
69	kf	8	0.7732179090764144
69	kf	9	1.0
69	kf	10	0.7849428544313525
69	kf	11	0.844188014575042
70	kd	0	
70	kd	1	
70	kd	2	
70	kd	3	
70	kd	4	
70	kd	5	
70	kd	6	
70	kd	7	
70	kd	8	
70	kd	9	
70	kd	10	
70	kf	0	0.801770830239002
70	kf	1	0.968884094016875
70	kf	2	0.44538149755321726
70	kf	3	0.7115007919198023
70	kf	4	1.0
70	kf	5	0.9577698289789655
70	kf	6	0.6135842408717588
70	kf	7	0.5010198740113083
70	kf	8	0.8756901857880564
70	kf	9	0.7091197830610793
70	kf	10	0.3017361186016742
71	kd	0	
71	kd	1	
71	kd	2	
71	kd	3	
71	kd	4	
71	kd	5	
71	kd	6	
71	kd	7	
71	kf	0	0.2195010287136894
71	kf	1	1.0
71	kf	2	0.4643852898098036
71	kf	3	0.23170191209310181
71	kf	4	0.7524672699168723
71	kf	5	0.11384721740001207
71	kf	6	0.2657075796389532
71	kf	7	0.1010727428937684
72	kd	0	
72	kd	1	
72	kd	2	
72	kd	3	
72	kd	4	
72	kd	5	
72	kd	6	
72	kd	7	
72	kd	8	
72	kd	9	
72	kd	10	
72	kf	0	0.16056076191632213
72	kf	1	1.0
72	kf	2	0.08701526504520982
72	kf	3	0.7428754365356651
72	kf	4	0.33138220883885056
72	kf	5	0.8242828460456398
72	kf	6	0.07406451838984202
72	kf	7	0.4918552264445998
72	kf	8	0.33407912544897084
72	kf	9	0.8408814879551891
72	kf	10	0.4054113363471298
73	kd	0	
73	kd	1	
73	kd	2	
73	kd	3	
73	kd	4	
73	kd	5	
73	kd	6	
73	kd	7	
73	kd	8	
73	kd	9	
73	kd	10	
73	kf	0	0.6900895487385411
73	kf	1	0.48775182622606866
73	kf	2	0.3854099205609068
73	kf	3	0.5378565375516547
73	kf	4	0.7928743874565212
73	kf	5	0.7009793003927461
73	kf	6	1.0
73	kf	7	0.9592382179476173
73	kf	8	0.004767759799592886
73	kf	9	0.3580138294584255
73	kf	10	0.30104024501137566
74	kd	0	
74	kd	1	
74	kd	2	
74	kd	3	
74	kd	4	
74	kd	5	
74	kd	6	
74	kd	7	
74	kd	8	
74	kf	0	0.6135251190956043
74	kf	1	0.6785229497363686
74	kf	2	1.0
74	kf	3	0.2845723531781714
74	kf	4	0.1840893032815235
74	kf	5	0.16671616472225614
74	kf	6	0.37155954384964324
74	kf	7	0.3473317123727626
74	kf	8	0.1642383710972641
75	kd	0	
75	kd	1	
75	kd	2	
75	kd	3	
75	kd	4	
75	kd	5	
75	kd	6	
75	kf	0	0.29215122559463674
75	kf	1	1.0
75	kf	2	0.6312592822104699
75	kf	3	0.03364156321990191
75	kf	4	0.4087736746615743
75	kf	5	0.7577261618515058
75	kf	6	0.9122341131434561
76	kd	0	
76	kd	1	
76	kd	2	
76	kd	3	
76	kd	4	
76	kd	5	
76	kd	6	
76	kd	7	
76	kd	8	
76	kd	9	
76	kd	10	
76	kf	0	0.4873567814464222
76	kf	1	0.8720114200988639
76	kf	2	0.9205956320377733
76	kf	3	0.42493677005942965
76	kf	4	1.0
76	kf	5	0.04794513850841453
76	kf	6	0.12690224037007972
76	kf	7	0.8784807551372382
76	kf	8	0.4181463286523087
76	kf	9	0.10543085590461522
76	kf	10	0.46008861920211147
77	kd	0	
77	kd	1	
77	kd	2	
77	kd	3	
77	kd	4	
77	kd	5	
77	kd	6	
77	kd	7	
77	kd	8	
77	kd	9	
77	kf	0	1.0
77	kf	1	0.481023503478707
77	kf	2	0.8653854005343351
77	kf	3	0.18004956553906154
77	kf	4	0.2515105148620337
77	kf	5	0.30940599734676727
77	kf	6	0.7770460562446012
77	kf	7	0.3648991058656323
77	kf	8	0.2682543951617136
77	kf	9	0.033234437645307154
78	kd	0	
78	kd	1	
78	kd	2	
78	kd	3	
78	kd	4	
78	kd	5	
78	kd	6	
78	kd	7	
78	kd	8	
78	kd	9	
78	kd	10	
78	kf	0	0.9076029659818757
78	kf	1	0.22133586746237321
78	kf	2	1.0
78	kf	3	0.28395720891873477
78	kf	4	0.4403750857479712
78	kf	5	0.4380166283850381
78	kf	6	0.25615198131646727
78	kf	7	0.3478428752723633
78	kf	8	0.34008986903953314
78	kf	9	0.7305177218401709
78	kf	10	0.8225213241724885
79	kd	0	
79	kd	1	
79	kd	2	
79	kd	3	
79	kd	4	
79	kd	5	
79	kd	6	
79	kd	7	
79	kd	8	
79	kd	9	
79	kf	0	1.0
79	kf	1	0.6788168683873856
79	kf	2	0.4943299569536004
79	kf	3	0.44648499237546996
79	kf	4	0.6583632233744824
79	kf	5	0.7375179091919223
79	kf	6	0.8100487122725628
79	kf	7	0.14699156665268764
79	kf	8	0.6888921833197538
79	kf	9	0.21235241595105406
80	kd	0	
80	kd	1	
80	kd	2	
80	kd	3	
80	kd	4	
80	kd	5	
80	kd	6	
80	kd	7	
80	kf	0	0.05468113122330221
80	kf	1	0.31648552662801666
80	kf	2	0.10181647713357864
80	kf	3	0.1583322381999406
80	kf	4	0.9165834564955703
80	kf	5	1.0
80	kf	6	0.04892778620908268
80	kf	7	0.8704219621970416
81	kd	0	
81	kd	1	
81	kd	2	
81	kd	3	
81	kd	4	
81	kd	5	
81	kd	6	
81	kd	7	
81	kd	8	
81	kd	9	
81	kd	10	
81	kf	0	1.0
81	kf	1	0.8070984898776623
81	kf	2	0.08474596777195789
81	kf	3	0.38644389012172053
81	kf	4	0.06168947685541268
81	kf	5	0.44062519885046636
81	kf	6	0.11398348280132055
81	kf	7	0.8970750504076168
81	kf	8	0.9522926147669487
81	kf	9	0.4824409657978407
81	kf	10	0.4293764223876217
82	kd	0	
82	kd	1	
82	kd	2	
82	kd	3	
82	kd	4	
82	kd	5	
82	kd	6	
82	kd	7	
82	kd	8	
82	kd	9	
82	kf	0	0.5827269273861616
82	kf	1	0.9621731597158438
82	kf	2	0.027904242781337383
82	kf	3	0.9537884638858181
82	kf	4	1.0
82	kf	5	0.8603966734905121
82	kf	6	0.8231602170161564
82	kf	7	0.4076926871971834
82	kf	8	0.4035279037069179
82	kf	9	0.2923486560065506
83	kd	0	
83	kd	1	
83	kd	2	
83	kd	3	
83	kd	4	
83	kd	5	
83	kd	6	
83	kf	0	0.0417175446822459
83	kf	1	1.0
83	kf	2	0.26315106025752333
83	kf	3	0.9751569050613953
83	kf	4	0.19272227081894974
83	kf	5	0.516714204074464
83	kf	6	0.7860126837344561
84	kd	0	
84	kd	1	
84	kd	2	
84	kd	3	
84	kd	4	
84	kd	5	
84	kd	6	
84	kd	7	
84	kd	8	
84	kd	9	
84	kd	10	
84	kd	11	
84	kf	0	0.5841922060734512
84	kf	1	0.3864182514890926
84	kf	2	0.6363558527571375
84	kf	3	0.2301935022461282
84	kf	4	0.9832189437000811
84	kf	5	0.2964611337299923
84	kf	6	1.0
84	kf	7	0.6045581395843168
84	kf	8	0.2936633339699336
84	kf	9	0.633381129146315
84	kf	10	0.2532734309853437
84	kf	11	0.5695671945234101
85	kd	0	
85	kd	1	
85	kd	2	
85	kd	3	
85	kd	4	
85	kd	5	
85	kd	6	
85	kd	7	
85	kd	8	
85	kd	9	
85	kf	0	0.7203496272336986
85	kf	1	1.0
85	kf	2	0.26956445056663664
85	kf	3	0.39610851837690214
85	kf	4	0.3429629062365475
85	kf	5	0.7942808810505113
85	kf	6	0.5035190777722511
85	kf	7	0.5223566997479374
85	kf	8	0.35729325872008444
85	kf	9	0.9396932799514196
86	kd	0	
86	kd	1	
86	kd	2	
86	kd	3	
86	kd	4	
86	kd	5	
86	kd	6	
86	kd	7	
86	kd	8	
86	kd	9	
86	kd	10	
86	kf	0	0.8805242521267211
86	kf	1	0.39664139451845953
86	kf	2	0.08023650147422352
86	kf	3	1.0
86	kf	4	0.9815058702877719
86	kf	5	0.2844085001772133
86	kf	6	0.8147345662067553
86	kf	7	0.284062650646489
86	kf	8	0.1657235439541096
86	kf	9	0.10403146621869669
86	kf	10	0.2647594993454974
87	kd	0	
87	kd	1	
87	kd	2	
87	kd	3	
87	kd	4	
87	kd	5	
87	kd	6	
87	kd	7	
87	kd	8	
87	kd	9	
87	kd	10	
87	kf	0	0.5507867143271796
87	kf	1	0.08921582031783065
87	kf	2	0.2157985819971085
87	kf	3	0.9980638545573196
87	kf	4	0.03524986422059684
87	kf	5	0.21049089026034012
87	kf	6	1.0
87	kf	7	0.7179455919733045
87	kf	8	0.4398493347127268
87	kf	9	0.2932875719585668
87	kf	10	0.2319311238951247
88	kd	0	
88	kd	1	
88	kd	2	
88	kd	3	
88	kd	4	
88	kd	5	
88	kd	6	
88	kd	7	
88	kd	8	
88	kf	0	0.94447047166787
88	kf	1	0.8236250831812686
88	kf	2	0.7563531727389395
88	kf	3	0.883086166081763
88	kf	4	0.6382007238225482
88	kf	5	0.20948624714702402
88	kf	6	1.0
88	kf	7	0.8611265191872187
88	kf	8	0.009984826978743895
89	kd	0	
89	kd	1	
89	kd	2	
89	kd	3	
89	kd	4	
89	kd	5	
89	kf	0	0.8044334690398947
89	kf	1	1.0
89	kf	2	0.0021212027028618408
89	kf	3	0.9555321468543891
89	kf	4	0.6037388946019884
89	kf	5	0.8503752414343656
90	kd	0	
90	kd	1	
90	kd	2	
90	kd	3	
90	kd	4	
90	kd	5	
90	kd	6	
90	kd	7	
90	kd	8	
90	kd	9	
90	kd	10	
90	kd	11	
90	kf	0	0.28155581124682943
90	kf	1	1.0
90	kf	2	0.5730152115289489
90	kf	3	0.7720917704313416
90	kf	4	0.4250050485550815
90	kf	5	0.6494484232939141
90	kf	6	0.06763395331824659
90	kf	7	0.039968365151033504
90	kf	8	0.04991755632166623
90	kf	9	0.5319064887127741
90	kf	10	0.20755154238951432
90	kf	11	0.3238048435107611
91	kd	0	
91	kd	1	
91	kd	2	
91	kd	3	
91	kd	4	
91	kd	5	
91	kd	6	
91	kd	7	
91	kd	8	
91	kf	0	0.5431921861361201
91	kf	1	0.9290099414910269
91	kf	2	0.08141889858430902
91	kf	3	0.9192002109698937
91	kf	4	0.3899615525611433
91	kf	5	1.0
91	kf	6	0.07203731742981127
91	kf	7	0.8606249747625077
91	kf	8	0.19786886810953583
92	kd	0	
92	kd	1	
92	kd	2	
92	kd	3	
92	kd	4	
92	kd	5	
92	kd	6	
92	kd	7	
92	kf	0	0.9136806871746538
92	kf	1	0.5932031816991897
92	kf	2	0.19841505180046276
92	kf	3	1.0
92	kf	4	0.6848366986222137
92	kf	5	0.9478884908362348
92	kf	6	0.13061286424409446
92	kf	7	0.07437011897350082
93	kd	0	
93	kd	1	
93	kd	2	
93	kd	3	
93	kd	4	
93	kd	5	
93	kd	6	
93	kd	7	
93	kd	8	
93	kf	0	0.2577833869917572
93	kf	1	0.3557012906938188
93	kf	2	1.0
93	kf	3	0.3458018849332358
93	kf	4	0.9506790734566412
93	kf	5	0.2329437716670307
93	kf	6	0.6557060860255935
93	kf	7	0.40390312882058843
93	kf	8	0.4622464677044214
94	kd	0	
94	kd	1	
94	kd	2	
94	kd	3	
94	kd	4	
94	kd	5	
94	kd	6	
94	kd	7	
94	kd	8	
94	kd	9	
94	kd	10	
94	kf	0	0.17095072350007048
94	kf	1	0.14391998548477783
94	kf	2	1.0
94	kf	3	0.7777268875821799
94	kf	4	0.06590303763848503
94	kf	5	0.3687675125992414
94	kf	6	0.13878588844391096
94	kf	7	0.7105977950466544
94	kf	8	0.6141321295255864
94	kf	9	0.9756657853413326
94	kf	10	0.3508586810646489
95	kd	0	
95	kd	1	
95	kd	2	
95	kd	3	
95	kd	4	
95	kd	5	
95	kd	6	
95	kd	7	
95	kd	8	
95	kd	9	
95	kd	10	
95	kf	0	0.13827059894538218
95	kf	1	1.0
95	kf	2	0.7880493562065116
95	kf	3	0.13300270665105973
95	kf	4	0.912418108209644
95	kf	5	0.607993793942208
95	kf	6	0.716617025048482
95	kf	7	0.9783604256107203
95	kf	8	0.04596573606303103
95	kf	9	0.8882691729449168
95	kf	10	0.02480162392647752
96	kd	0	
96	kd	1	
96	kd	2	
96	kd	3	
96	kd	4	
96	kd	5	
96	kf	0	0.7405019912267147
96	kf	1	1.0
96	kf	2	0.4056438217532065
96	kf	3	0.5620766477483902
96	kf	4	0.6633044756587817
96	kf	5	0.8690938194203219
97	kd	0	
97	kd	1	
97	kd	2	
97	kd	3	
97	kf	0	1.0
97	kf	1	0.05688082198103791
97	kf	2	0.035359998151286945
97	kf	3	0.8381642076992447
98	kd	0	
98	kd	1	
98	kd	2	
98	kd	3	
98	kf	0	0.09877287536326233
98	kf	1	1.0
98	kf	2	0.9991854491227924
98	kf	3	0.46118752390022877
99	kd	0	
99	kd	1	
99	kd	2	
99	kd	3	
99	kf	0	0.6887761929678714
99	kf	1	1.0
99	kf	2	0.3160628540343649
99	kf	3	0.18314297905581978
100	kd	0	
100	kd	1	
100	kd	2	
100	kd	3	
100	kd	4	
100	kd	5	
100	kd	6	
100	kd	7	
100	kf	0	1.0
100	kf	1	0.4632148922982902
100	kf	2	0.1781714255365908
100	kf	3	0.9927335760969008
100	kf	4	0.46147825159492034
100	kf	5	0.30384434718302056
100	kf	6	0.7876072056897218
100	kf	7	0.7191222710891247
101	kd	0	
101	kd	1	
101	kd	2	
101	kd	3	
101	kd	4	
101	kd	5	
101	kf	0	0.5661085095513659
101	kf	1	0.9865140112200979
101	kf	2	0.11740742144023283
101	kf	3	0.49951980505822835
101	kf	4	0.0937940528331964
101	kf	5	1.0
102	kd	0	
102	kd	1	
102	kd	2	
102	kd	3	
102	kd	4	
102	kd	5	
102	kd	6	
102	kd	7	
102	kd	8	
102	kd	9	
102	kd	10	
102	kf	0	0.017258823942909046
102	kf	1	0.9853519308986946
102	kf	2	0.1637504774615301
102	kf	3	0.39730800598639576
102	kf	4	0.8187008623620408
102	kf	5	1.0
102	kf	6	0.46453336553772756
102	kf	7	0.999647843426966
102	kf	8	0.4066722201542557
102	kf	9	0.14588024910242095
102	kf	10	0.8467503218561347
103	kd	0	
103	kd	1	
103	kd	2	
103	kd	3	
103	kd	4	
103	kd	5	
103	kd	6	
103	kd	7	
103	kf	0	1.0
103	kf	1	0.025185871891144913
103	kf	2	0.04132433816155886
103	kf	3	0.5154051452327828
103	kf	4	0.23736406497505572
103	kf	5	0.2269285479966717
103	kf	6	0.5430011907370972
103	kf	7	0.8630667001104295
104	kd	0	
104	kd	1	
104	kd	2	
104	kd	3	
104	kd	4	
104	kd	5	
104	kd	6	
104	kd	7	
104	kd	8	
104	kd	9	
104	kd	10	
104	kf	0	1.0
104	kf	1	0.7716169951162639
104	kf	2	0.4053077239647402
104	kf	3	0.66485418654087
104	kf	4	0.9781276400298651
104	kf	5	0.6282261712257877
104	kf	6	0.7361380936949771
104	kf	7	0.8789683478094898
104	kf	8	0.08096202070220918
104	kf	9	0.6293650666887777
104	kf	10	0.7392986420586853
105	kd	0	
105	kd	1	
105	kd	2	
105	kd	3	
105	kd	4	
105	kd	5	
105	kd	6	
105	kd	7	
105	kf	0	0.8551732707812683
105	kf	1	0.7969479615066657
105	kf	2	0.8666448995998732
105	kf	3	0.385211778961195
105	kf	4	0.6200439734269134
105	kf	5	1.0
105	kf	6	0.4194791167096785
105	kf	7	0.9712622843687758
106	kd	0	
106	kd	1	
106	kd	2	
106	kd	3	
106	kd	4	
106	kd	5	
106	kd	6	
106	kd	7	
106	kd	8	
106	kd	9	
106	kf	0	0.7389280570075287
106	kf	1	0.2561165557823531
106	kf	2	1.0
106	kf	3	0.28154581274781726
106	kf	4	0.6270888947483254
106	kf	5	0.8583233605456424
106	kf	6	0.7880841025862668
106	kf	7	0.4169021390354792
106	kf	8	0.16620744376076652
106	kf	9	0.5316482643273839
107	kd	0	
107	kd	1	
107	kd	2	
107	kd	3	
107	kd	4	
107	kd	5	
107	kd	6	
107	kd	7	
107	kd	8	
107	kd	9	
107	kd	10	
107	kd	11	
107	kf	0	0.6184519157277276
107	kf	1	0.30005827568664895
107	kf	2	1.0
107	kf	3	0.6188270769944786
107	kf	4	0.3398782633867145
107	kf	5	0.7728065218443454
107	kf	6	0.03563859805063294
107	kf	7	0.8301737662499487
107	kf	8	0.9624599844800409
107	kf	9	0.9165935682534724
107	kf	10	0.36600566473545243
107	kf	11	0.5904216344035984
108	kd	0	
108	kd	1	
108	kd	2	
108	kd	3	
108	kd	4	
108	kd	5	
108	kd	6	
108	kd	7	
108	kd	8	
108	kf	0	0.4838852294851496
108	kf	1	0.029145678526469602
108	kf	2	0.14558465009844768
108	kf	3	0.8873499290961941
108	kf	4	1.0
108	kf	5	0.6979995671287581
108	kf	6	0.6056249396761415
108	kf	7	0.6217127371198176
108	kf	8	0.34017633592188
109	kd	0	
109	kd	1	
109	kd	2	
109	kd	3	
109	kd	4	
109	kd	5	
109	kd	6	
109	kd	7	
109	kd	8	
109	kd	9	
109	kd	10	
109	kf	0	0.7878944476913833
109	kf	1	0.4414054675078096
109	kf	2	0.6802686720988083
109	kf	3	0.19611689829820195
109	kf	4	0.7482515493392295
109	kf	5	0.06625546340029671
109	kf	6	1.0
109	kf	7	0.6051319398594504
109	kf	8	0.9205663397031185
109	kf	9	0.4495474369245359
109	kf	10	0.3293451955337344
110	kd	0	
110	kd	1	
110	kd	2	
110	kd	3	
110	kd	4	
110	kd	5	
110	kd	6	
110	kd	7	
110	kd	8	
110	kd	9	
110	kf	0	0.8729722750274135
110	kf	1	0.6386430999809145
110	kf	2	0.918872827043446
110	kf	3	0.2820881225254688
110	kf	4	0.16778470406410223
110	kf	5	1.0
110	kf	6	0.49342751679695723
110	kf	7	0.5549502969521533
110	kf	8	0.698376618726747
110	kf	9	0.8534222590563937
111	kd	0	
111	kd	1	
111	kd	2	
111	kd	3	
111	kd	4	
111	kd	5	
111	kd	6	
111	kd	7	
111	kd	8	
111	kd	9	
111	kf	0	0.7360712633995518
111	kf	1	0.13189699646616443
111	kf	2	0.3279504387819199
111	kf	3	0.08720422709227955
111	kf	4	0.10447654289594376
111	kf	5	0.024106059849255197
111	kf	6	0.3179147171489724
111	kf	7	0.4812681746956274
111	kf	8	0.9591769992702959
111	kf	9	1.0
112	kd	0	
112	kd	1	
112	kd	2	
112	kd	3	
112	kd	4	
112	kd	5	
112	kd	6	
112	kd	7	
112	kd	8	
112	kd	9	
112	kf	0	0.6523966894624437
112	kf	1	0.5820706352769263
112	kf	2	0.5652254671040869
112	kf	3	0.030400974830836036
112	kf	4	0.33949245791439253
112	kf	5	0.3372114416852629
112	kf	6	0.9601629322145139
112	kf	7	1.0
112	kf	8	0.48462790777377124
112	kf	9	0.893443113764956
113	kd	0	
113	kd	1	
113	kd	2	
113	kd	3	
113	kd	4	
113	kd	5	
113	kd	6	
113	kd	7	
113	kd	8	
113	kd	9	
113	kf	0	1.0
113	kf	1	0.30280460676975324
113	kf	2	0.9135777195941174
113	kf	3	0.3362584592388539
113	kf	4	0.2811490514885487
113	kf	5	0.9504980824779103
113	kf	6	0.06132152642163463
113	kf	7	0.578772254133543
113	kf	8	0.7345343157064318
113	kf	9	0.16177133702290403
114	kd	0	
114	kd	1	
114	kd	2	
114	kd	3	
114	kd	4	
114	kd	5	
114	kd	6	
114	kd	7	
114	kd	8	
114	kf	0	0.5754199918735239
114	kf	1	0.4538443320024644
114	kf	2	0.5204879445849669
114	kf	3	0.2838351668395317
114	kf	4	0.5577338739620956
114	kf	5	1.0
114	kf	6	0.8816994695935128
114	kf	7	0.2440675345010346
114	kf	8	0.6678974614263734
115	kd	0	
115	kd	1	
115	kd	2	
115	kd	3	
115	kd	4	
115	kd	5	
115	kd	6	
115	kd	7	
115	kd	8	
115	kd	9	
115	kd	10	
115	kd	11	
115	kf	0	0.7827512592617338
115	kf	1	0.6732716487389645
115	kf	2	1.0
115	kf	3	0.7324329089913191
115	kf	4	0.3945411222175421
115	kf	5	0.42183969498103074
115	kf	6	0.4146175415397931
115	kf	7	0.1844860725926511
115	kf	8	0.3982587065466885
115	kf	9	0.8244503779033614
115	kf	10	0.6510167191867379
115	kf	11	0.921464137721085
116	kd	0	
116	kd	1	
116	kd	2	
116	kd	3	
116	kd	4	
116	kd	5	
116	kd	6	
116	kf	0	0.8300326250100354
116	kf	1	0.6786480068677767
116	kf	2	0.912604863774916
116	kf	3	1.0
116	kf	4	0.3009725945055474
116	kf	5	0.5798947626670375
116	kf	6	0.1890649431783446
117	kd	0	
117	kd	1	
117	kd	2	
117	kd	3	
117	kd	4	
117	kd	5	
117	kd	6	
117	kd	7	
117	kd	8	
117	kd	9	
117	kd	10	
117	kf	0	0.6697009574746303
117	kf	1	0.17186965323056755
117	kf	2	0.21780832682419646
117	kf	3	1.0
117	kf	4	0.17108550597098898
117	kf	5	0.037777078164613356
117	kf	6	0.5513571168459143
117	kf	7	0.8322017181317628
117	kf	8	0.7207495437654117
117	kf	9	0.10347644633164008
117	kf	10	0.5624873075877682
118	kd	0	
118	kd	1	
118	kd	2	
118	kd	3	
118	kd	4	
118	kd	5	
118	kd	6	
118	kd	7	
118	kd	8	
118	kd	9	
118	kd	10	
118	kf	0	0.7620966627181175
118	kf	1	0.45149183739992077
118	kf	2	0.6799055929275244
118	kf	3	0.47824471488127457
118	kf	4	0.610322195757452
118	kf	5	0.27817771283088166
118	kf	6	1.0
118	kf	7	0.6045883411096936
118	kf	8	0.11006478749892429
118	kf	9	0.02025515806395597
118	kf	10	0.4460879839481812
119	kd	0	
119	kd	1	
119	kd	2	
119	kd	3	
119	kd	4	
119	kd	5	
119	kd	6	
119	kd	7	
119	kd	8	
119	kd	9	
119	kd	10	
119	kf	0	0.05658517794931778
119	kf	1	0.38208486171598327
119	kf	2	0.1903092201660122
119	kf	3	0.3962343531201814
119	kf	4	0.4604271745914338
119	kf	5	0.04291628855806724
119	kf	6	0.25697397856947296
119	kf	7	0.9839897281412652
119	kf	8	0.45081199461476484
119	kf	9	0.7553070326298055
119	kf	10	1.0
120	kd	0	
120	kd	1	
120	kd	2	
120	kd	3	
120	kd	4	
120	kd	5	
120	kd	6	
120	kd	7	
120	kd	8	
120	kd	9	
120	kd	10	
120	kd	11	
120	kf	0	0.31224549926405754
120	kf	1	0.2504804373390348
120	kf	2	0.13689030455237325
120	kf	3	0.3456208060264701
120	kf	4	1.0
120	kf	5	0.23258140238803093
120	kf	6	0.3840278730245199
120	kf	7	0.10696273013821682
120	kf	8	0.7162571742522776
120	kf	9	0.7155798122351832
120	kf	10	0.27766598030164424
120	kf	11	0.619790593535794
121	kd	0	
121	kd	1	
121	kd	2	
121	kd	3	
121	kd	4	
121	kd	5	
121	kd	6	
121	kd	7	
121	kd	8	
121	kf	0	0.417220693970061
121	kf	1	0.23450724338757248
121	kf	2	0.30668320562095
121	kf	3	1.0
121	kf	4	0.7816188486566912
121	kf	5	0.51003734673756
121	kf	6	0.7673126773281217
121	kf	7	0.6647935530687138
121	kf	8	0.37181315173756935
122	kd	0	
122	kd	1	
122	kd	2	
122	kd	3	
122	kd	4	
122	kd	5	
122	kd	6	
122	kd	7	
122	kd	8	
122	kf	0	0.08281790682081858
122	kf	1	0.9913971114133989
122	kf	2	0.37652589599623665
122	kf	3	1.0
122	kf	4	0.45053148774460533
122	kf	5	0.8207092731535873
122	kf	6	0.318151041665671
122	kf	7	0.45711396391749787
122	kf	8	0.9076984528927378
123	kd	0	
123	kd	1	
123	kd	2	
123	kd	3	
123	kd	4	
123	kd	5	
123	kf	0	0.4430210938400058
123	kf	1	0.2447356605941061
123	kf	2	0.7847656430055985
123	kf	3	0.25769302145474227
123	kf	4	1.0
123	kf	5	0.29111140584052886
124	kd	0	
124	kd	1	
124	kd	2	
124	kd	3	
124	kd	4	
124	kd	5	
124	kd	6	
124	kd	7	
124	kd	8	
124	kd	9	
124	kd	10	
124	kf	0	0.8023772618229912
124	kf	1	0.8587317388573616
124	kf	2	0.7452395193058626
124	kf	3	0.31528992435323394
124	kf	4	0.19347277974743698
124	kf	5	0.6092708447097729
124	kf	6	0.2714555158221993
124	kf	7	1.0
124	kf	8	0.6305928105750549
124	kf	9	0.6371702305158354
124	kf	10	0.46807792508856155
125	kd	0	
125	kd	1	
125	kd	2	
125	kf	0	1.0
125	kf	1	0.5380086272557623
125	kf	2	0.947653468444005
126	kd	0	
126	kd	1	
126	kd	2	
126	kd	3	
126	kd	4	
126	kd	5	
126	kd	6	
126	kd	7	
126	kd	8	
126	kd	9	
126	kd	10	
126	kd	11	
126	kf	0	0.7849146966865586
126	kf	1	0.21639525909159357
126	kf	2	0.1425012402581108
126	kf	3	0.3805452622809666
126	kf	4	0.5919607253171458
126	kf	5	0.582299493896934
126	kf	6	0.13991922474313345
126	kf	7	0.7210543131038544
126	kf	8	0.03554388739674409
126	kf	9	0.7277965469648416
126	kf	10	1.0
126	kf	11	0.20940778389216455
127	kd	0	
127	kd	1	
127	kd	2	
127	kd	3	
127	kd	4	
127	kd	5	
127	kf	0	0.8466586383369202
127	kf	1	0.12095728587068331
127	kf	2	1.0
127	kf	3	0.16455846758530457
127	kf	4	0.40512054469708164
127	kf	5	0.30484005384218665
128	kd	0	
128	kd	1	
128	kd	2	
128	kd	3	
128	kd	4	
128	kd	5	
128	kd	6	
128	kd	7	
128	kd	8	
128	kd	9	
128	kf	0	0.10155442703050836
128	kf	1	1.0
128	kf	2	0.4274946384660191
128	kf	3	0.2958356439568582
128	kf	4	0.37978811011370905
128	kf	5	0.3703018136316738
128	kf	6	0.9978812694416966
128	kf	7	0.7647455864183429
128	kf	8	0.29846337005137313
128	kf	9	0.9954939853050064
129	kd	0	
129	kd	1	
129	kd	2	
129	kd	3	
129	kd	4	
129	kd	5	
129	kd	6	
129	kd	7	
129	kf	0	0.597232707582194
129	kf	1	0.7290929938605596
129	kf	2	0.8837308022678422
129	kf	3	0.06588351351300968
129	kf	4	0.016627595811546755
129	kf	5	0.04482230992313537
129	kf	6	0.030129094844051504
129	kf	7	1.0
130	kd	0	
130	kd	1	
130	kd	2	
130	kd	3	
130	kd	4	
130	kd	5	
130	kd	6	
130	kd	7	
130	kd	8	
130	kd	9	
130	kf	0	0.0895623595768158
130	kf	1	0.7918939654895248
130	kf	2	1.0
130	kf	3	0.9916573667692965
130	kf	4	0.29483376074177503
130	kf	5	0.10975005910232856
130	kf	6	0.8926766397466723
130	kf	7	0.6729896941418085
130	kf	8	0.6916661582735444
130	kf	9	0.693914615709007
131	kd	0	
131	kd	1	
131	kd	2	
131	kd	3	
131	kd	4	
131	kd	5	
131	kd	6	
131	kd	7	
131	kd	8	
131	kd	9	
131	kd	10	
131	kf	0	0.587570120627629
131	kf	1	0.6604332719769967
131	kf	2	1.0
131	kf	3	0.7576928688455021
131	kf	4	0.4713202670405464
131	kf	5	0.7172663515773731
131	kf	6	0.8312376129715167
131	kf	7	0.899425379257534
131	kf	8	0.4525702115747327
131	kf	9	0.910037540428719
131	kf	10	0.4420032395733878
132	kd	0	
132	kd	1	
132	kd	2	
132	kd	3	
132	kd	4	
132	kd	5	
132	kd	6	
132	kd	7	
132	kd	8	
132	kd	9	
132	kd	10	
132	kf	0	0.4599546098346849
132	kf	1	0.6134029540212398
132	kf	2	0.19932491302886984
132	kf	3	0.7852902816615487
132	kf	4	0.9608059628781399
132	kf	5	0.48404992798572344
132	kf	6	0.9171253709618516
132	kf	7	1.0
132	kf	8	0.12260533465901413
132	kf	9	0.590373222895416
132	kf	10	0.8283693649929804
133	kd	0	
133	kd	1	
133	kd	2	
133	kd	3	
133	kd	4	
133	kd	5	
133	kd	6	
133	kd	7	
133	kd	8	
133	kf	0	0.07856010764994187
133	kf	1	0.9472493385399942
133	kf	2	0.7098515537114095
133	kf	3	0.45424841112023373
133	kf	4	0.2949094903888632
133	kf	5	1.0
133	kf	6	0.3335374399223245
133	kf	7	0.8914222357335322
133	kf	8	0.26950866945907953
134	kd	0	
134	kd	1	
134	kd	2	
134	kd	3	
134	kd	4	
134	kd	5	
134	kf	0	0.014944516198657672
134	kf	1	0.3734833511508143
134	kf	2	0.765968155159753
134	kf	3	1.0
134	kf	4	0.47537975682541567
134	kf	5	0.5523885091321048
135	kd	0	
135	kd	1	
135	kd	2	
135	kd	3	
135	kd	4	
135	kd	5	
135	kd	6	
135	kd	7	
135	kd	8	
135	kd	9	
135	kf	0	0.22873405249266415
135	kf	1	0.2285323830620013
135	kf	2	0.24692102495853274
135	kf	3	1.0
135	kf	4	0.41685640586933714
135	kf	5	0.6162965546011451
135	kf	6	0.7160856050756086
135	kf	7	0.026576197549495046
135	kf	8	0.7771621668270502
135	kf	9	0.8751380317841151
136	kd	0	
136	kd	1	
136	kd	2	
136	kd	3	
136	kd	4	
136	kd	5	
136	kd	6	
136	kd	7	
136	kd	8	
136	kf	0	0.6521881079981501
136	kf	1	0.5874299957611862
136	kf	2	0.6095263102383411
136	kf	3	0.15631048212252613
136	kf	4	0.7725146994150721
136	kf	5	0.612818659412323
136	kf	6	0.004355236452411953
136	kf	7	0.10605388773498438
136	kf	8	1.0
137	kd	0	
137	kd	1	
137	kd	2	
137	kd	3	
137	kd	4	
137	kd	5	
137	kd	6	
137	kd	7	
137	kd	8	
137	kf	0	0.3115769638784946
137	kf	1	0.6596141087722586
137	kf	2	0.29373004904197525
137	kf	3	0.8236321963939501
137	kf	4	0.4705047903235806
137	kf	5	0.443436803666153
137	kf	6	0.9828550669342666
137	kf	7	0.8222854056605282
137	kf	8	1.0
138	kd	0	
138	kd	1	
138	kd	2	
138	kf	0	1.0
138	kf	1	0.9399650358756539
138	kf	2	0.5001960438680056
139	kd	0	
139	kd	1	
139	kd	2	
139	kd	3	
139	kd	4	
139	kd	5	
139	kd	6	
139	kd	7	
139	kd	8	
139	kd	9	
139	kd	10	
139	kf	0	0.8338491446804979
139	kf	1	0.9983948643540206
139	kf	2	0.27649590063156565
139	kf	3	0.49607811017729203
139	kf	4	0.9110459547850972
139	kf	5	0.5582105781770714
139	kf	6	1.0
139	kf	7	0.5890867698676381
139	kf	8	0.4284493974365632
139	kf	9	0.3076233097763902
139	kf	10	0.6210024990030806
140	kd	0	
140	kd	1	
140	kd	2	
140	kd	3	
140	kd	4	
140	kd	5	
140	kd	6	
140	kd	7	
140	kd	8	
140	kd	9	
140	kd	10	
140	kf	0	0.37680199522265234
140	kf	1	0.26445235778077353
140	kf	2	0.007660209185888941
140	kf	3	0.06361375434647457
140	kf	4	0.3271657796867197
140	kf	5	0.3484015591918985
140	kf	6	0.23377620818168932
140	kf	7	1.0
140	kf	8	0.03367519464684694
140	kf	9	0.7604892227680514
140	kf	10	0.9915864678481787
141	kd	0	
141	kd	1	
141	kd	2	
141	kd	3	
141	kd	4	
141	kd	5	
141	kd	6	
141	kf	0	0.3683277583777096
141	kf	1	0.6249066766685382
141	kf	2	0.41992289419632434
141	kf	3	0.8638164320477708
141	kf	4	1.0
141	kf	5	0.9061305252074746
141	kf	6	0.6673639902919328
142	kd	0	
142	kd	1	
142	kd	2	
142	kd	3	
142	kd	4	
142	kd	5	
142	kd	6	
142	kd	7	
142	kd	8	
142	kd	9	
142	kd	10	
142	kf	0	1.0
142	kf	1	0.8429559408209294
142	kf	2	0.6079930858545554
142	kf	3	0.8545330843225334
142	kf	4	0.23463459969882872
142	kf	5	0.9140003764149444
142	kf	6	0.8400718935928027
142	kf	7	0.12633587194524146
142	kf	8	0.810763186077592
142	kf	9	0.2023732194773107
142	kf	10	0.28381238446718177
143	kd	0	
143	kd	1	
143	kd	2	
143	kd	3	
143	kd	4	
143	kd	5	
143	kf	0	0.5261362241784671
143	kf	1	0.6316038798411945
143	kf	2	0.14722665133138618
143	kf	3	1.0
143	kf	4	0.9317450682865076
143	kf	5	0.13532514010180813
144	kd	0	
144	kd	1	
144	kd	2	
144	kd	3	
144	kd	4	
144	kd	5	
144	kd	6	
144	kd	7	
144	kd	8	
144	kf	0	1.0
144	kf	1	0.774436142317458
144	kf	2	0.7102041968753209
144	kf	3	0.4199836964186705
144	kf	4	0.24522653246119286
144	kf	5	0.9116595606389453
144	kf	6	0.5347384303181852
144	kf	7	0.5851672342888703
144	kf	8	0.7982714921343405
145	kd	0	
145	kd	1	
145	kd	2	
145	kd	3	
145	kd	4	
145	kf	0	0.6727975324141613
145	kf	1	1.0
145	kf	2	0.9198649868832912
145	kf	3	0.22777160766759583
145	kf	4	0.7320103354844706
146	kd	0	
146	kd	1	
146	kd	2	
146	kd	3	
146	kd	4	
146	kd	5	
146	kd	6	
146	kd	7	
146	kf	0	0.23448405613655243
146	kf	1	0.03077195558017262
146	kf	2	0.16921997369339573
146	kf	3	0.7821035725599598
146	kf	4	0.6223383991169099
146	kf	5	0.33731088575559126
146	kf	6	0.8951373912969315
146	kf	7	1.0
147	kd	0	
147	kd	1	
147	kd	2	
147	kd	3	
147	kd	4	
147	kd	5	
147	kd	6	
147	kd	7	
147	kd	8	
147	kd	9	
147	kd	10	
147	kd	11	
147	kf	0	0.8917829230047313
147	kf	1	1.0
147	kf	2	0.8852953163739307
147	kf	3	0.10907734227738904
147	kf	4	0.40814461400351526
147	kf	5	0.09224225792980668
147	kf	6	0.24382496810563564
147	kf	7	0.904226446737119
147	kf	8	0.4523889714906697
147	kf	9	0.0822485612556354
147	kf	10	0.769342527619364
147	kf	11	0.5255185220107057
148	kd	0	
148	kd	1	
148	kd	2	
148	kd	3	
148	kd	4	
148	kd	5	
148	kd	6	
148	kd	7	
148	kd	8	
148	kf	0	0.5131913079523114
148	kf	1	0.6627487144386724
148	kf	2	1.0
148	kf	3	0.292371814929657
148	kf	4	0.6474045092280027
148	kf	5	0.901468453846123
148	kf	6	0.15581678136982
148	kf	7	0.016992777726185113
148	kf	8	0.09702351774081332
149	kd	0	
149	kd	1	
149	kd	2	
149	kd	3	
149	kd	4	
149	kf	0	0.9162225796278941
149	kf	1	0.5646529548142417
149	kf	2	0.1380893158292171
149	kf	3	1.0
149	kf	4	0.010641621053213014
150	kd	0	
150	kd	1	
150	kd	2	
150	kd	3	
150	kd	4	
150	kd	5	
150	kd	6	
150	kf	0	0.29344732420048764
150	kf	1	1.0
150	kf	2	0.48945678626039507
150	kf	3	0.03660845734129084
150	kf	4	0.45488820004028313
150	kf	5	0.44119799719229463
150	kf	6	0.3948005836380903
151	kd	0	
151	kd	1	
151	kd	2	
151	kd	3	
151	kd	4	
151	kd	5	
151	kd	6	
151	kd	7	
151	kf	0	0.8611404418936655
151	kf	1	0.580717042325531
151	kf	2	0.04270791800503575
151	kf	3	0.7049490026680284
151	kf	4	0.5164861932141933
151	kf	5	0.8463826756887243
151	kf	6	0.2267461508564395
151	kf	7	1.0
152	kd	0	
152	kd	1	
152	kd	2	
152	kd	3	
152	kf	0	1.0
152	kf	1	0.8087070347628276
152	kf	2	0.9939585407990073
152	kf	3	0.9016595365879111
153	kd	0	
153	kd	1	
153	kd	2	
153	kd	3	
153	kd	4	
153	kd	5	
153	kd	6	
153	kd	7	
153	kd	8	
153	kd	9	
153	kd	10	
153	kd	11	
153	kf	0	0.6903891725845741
153	kf	1	0.5630031401110744
153	kf	2	0.5123817000145297
153	kf	3	0.33193713793144064
153	kf	4	1.0
153	kf	5	0.6987273602084747
153	kf	6	0.3203093890947839
153	kf	7	0.6327776445482938
153	kf	8	0.07903341043597538
153	kf	9	0.9577209759494264
153	kf	10	0.6467114548846788
153	kf	11	0.035143561213581136
154	kd	0	
154	kd	1	
154	kd	2	
154	kf	0	0.5367548511218942
154	kf	1	1.0
154	kf	2	0.7129835592755689
155	kd	0	
155	kd	1	
155	kd	2	
155	kd	3	
155	kd	4	
155	kd	5	
155	kd	6	
155	kd	7	
155	kd	8	
155	kf	0	0.44028830128474783
155	kf	1	0.5671951356431124
155	kf	2	1.0
155	kf	3	0.7640023831629371
155	kf	4	0.04825997006464222
155	kf	5	0.815180380730359
155	kf	6	0.9937668298540981
155	kf	7	0.8584803345053751
155	kf	8	0.0426871514747394
156	kd	0	
156	kd	1	
156	kd	2	
156	kd	3	
156	kd	4	
156	kd	5	
156	kd	6	
156	kd	7	
156	kd	8	
156	kd	9	
156	kd	10	
156	kf	0	0.9376951171848642
156	kf	1	1.0
156	kf	2	0.11340336942962592
156	kf	3	0.7242549117271783
156	kf	4	0.86357252599494
156	kf	5	0.919233785942348
156	kf	6	0.4619219211772746
156	kf	7	0.8238197296517785
156	kf	8	0.7318751137607771
156	kf	9	0.7389304787236246
156	kf	10	0.7139137064442516
157	kd	0	
157	kd	1	
157	kd	2	
157	kd	3	
157	kd	4	
157	kd	5	
157	kd	6	
157	kf	0	0.0940049189744933
157	kf	1	0.5200622101361005
157	kf	2	0.7938947394761378
157	kf	3	0.049921844234243576
157	kf	4	1.0
157	kf	5	0.4192857471872047
157	kf	6	0.21559602539062123
158	kd	0	
158	kd	1	
158	kd	2	
158	kd	3	
158	kd	4	
158	kd	5	
158	kd	6	
158	kd	7	
158	kd	8	
158	kf	0	0.24816607076366168
158	kf	1	0.6930970255608726
158	kf	2	0.29627898293842103
158	kf	3	0.8899475814338879
158	kf	4	0.5033515972860252
158	kf	5	0.09684757986124753
158	kf	6	0.8195279614490243
158	kf	7	0.1970194048290333
158	kf	8	1.0
159	kd	0	
159	kd	1	
159	kd	2	
159	kd	3	
159	kd	4	
159	kd	5	
159	kd	6	
159	kd	7	
159	kd	8	
159	kd	9	
159	kd	10	
159	kf	0	0.8732841491930025
159	kf	1	0.5964397380938754
159	kf	2	0.6950383674800154
159	kf	3	0.32691519586297096
159	kf	4	0.3518411646663417
159	kf	5	0.46921524885644805
159	kf	6	1.0
159	kf	7	0.1954846295024277
159	kf	8	0.5164988220297373
159	kf	9	0.17851332236502795
159	kf	10	0.12738426866756286
160	kd	0	
160	kd	1	
160	kd	2	
160	kd	3	
160	kd	4	
160	kd	5	
160	kd	6	
160	kf	0	0.43380085765600174
160	kf	1	0.3514115514551812
160	kf	2	0.37046807767103407
160	kf	3	0.6990733509839068
160	kf	4	1.0
160	kf	5	0.3162342218322122
160	kf	6	0.18996204609946288
161	kd	0	
161	kd	1	
161	kd	2	
161	kf	0	1.0
161	kf	1	0.9234314938072739
161	kf	2	0.8239681836700992
162	kd	0	
162	kd	1	
162	kd	2	
162	kd	3	
162	kd	4	
162	kd	5	
162	kf	0	0.983907522302826
162	kf	1	1.0
162	kf	2	0.9693937290676987
162	kf	3	0.8215921744277124
162	kf	4	0.40259103100771876
162	kf	5	0.09664500133318904
163	kd	0	
163	kd	1	
163	kd	2	
163	kd	3	
163	kd	4	
163	kd	5	
163	kd	6	
163	kd	7	
163	kd	8	
163	kd	9	
163	kf	0	0.5692951950178383
163	kf	1	0.9300559676546875
163	kf	2	0.4617716170503821
163	kf	3	0.7264482255324164
163	kf	4	0.6773422223569361
163	kf	5	0.8690066452728874
163	kf	6	0.7269303580143387
163	kf	7	0.06334344601611562
163	kf	8	1.0
163	kf	9	0.337455823600614
164	kd	0	
164	kd	1	
164	kd	2	
164	kf	0	0.5829608366819576
164	kf	1	1.0
164	kf	2	0.29314671227353883
165	kd	0	
165	kd	1	
165	kd	2	
165	kd	3	
165	kd	4	
165	kd	5	
165	kd	6	
165	kd	7	
165	kf	0	0.2467626528898833
165	kf	1	0.7670357957973898
165	kf	2	0.1123036024093136
165	kf	3	0.0030254375191405168
165	kf	4	0.7785457751548337
165	kf	5	0.7843259616608088
165	kf	6	1.0
165	kf	7	0.20404260167971172
166	kd	0	
166	kd	1	
166	kd	2	
166	kd	3	
166	kd	4	
166	kd	5	
166	kd	6	
166	kd	7	
166	kd	8	
166	kd	9	
166	kd	10	
166	kd	11	
166	kf	0	0.6416213258478103
166	kf	1	0.053837153612952736
166	kf	2	0.7195318555465666
166	kf	3	0.08557041934341361
166	kf	4	0.4505767115547379
166	kf	5	0.5634610254848131
166	kf	6	0.9211369865386231
166	kf	7	0.6582278271498415
166	kf	8	1.0
166	kf	9	0.9490094240861158
166	kf	10	0.2609625340777104
166	kf	11	0.6161716668167612
167	kd	0	
167	kd	1	
167	kd	2	
167	kd	3	
167	kd	4	
167	kd	5	
167	kd	6	
167	kf	0	0.4087223371653128
167	kf	1	0.3218313846082201
167	kf	2	1.0
167	kf	3	0.29805971339518156
167	kf	4	0.9582790253919528
167	kf	5	0.9975124186423985
167	kf	6	0.024080110788811542
168	kd	0	
168	kd	1	
168	kd	2	
168	kd	3	
168	kd	4	
168	kd	5	
168	kf	0	0.2885134862000042
168	kf	1	0.5870545090998865
168	kf	2	0.3936426083860254
168	kf	3	0.17720524201365218
168	kf	4	1.0
168	kf	5	0.8646101538907488
169	kd	0	
169	kd	1	
169	kd	2	
169	kd	3	
169	kd	4	
169	kd	5	
169	kd	6	
169	kd	7	
169	kf	0	0.22361415955173486
169	kf	1	0.2432205455539158
169	kf	2	0.25477990941049244
169	kf	3	0.561020573265683
169	kf	4	1.0
169	kf	5	0.20417877468217516
169	kf	6	0.07159127081022479
169	kf	7	0.4223940690193875
170	kd	0	
170	kd	1	
170	kd	2	
170	kd	3	
170	kd	4	
170	kd	5	
170	kd	6	
170	kd	7	
170	kd	8	
170	kd	9	
170	kd	10	
170	kf	0	0.943601325403588
170	kf	1	0.9287923896555962
170	kf	2	0.7026536716916585
170	kf	3	0.909108102595244
170	kf	4	0.5497963564368091
170	kf	5	1.0
170	kf	6	0.3327185256353253
170	kf	7	0.031092152237092406
170	kf	8	0.7104141564046076
170	kf	9	0.16844304472511554
170	kf	10	0.9055762054543841
171	kd	0	
171	kd	1	
171	kd	2	
171	kd	3	
171	kd	4	
171	kd	5	
171	kd	6	
171	kd	7	
171	kd	8	
171	kd	9	
171	kd	10	
171	kd	11	
171	kf	0	0.03687375905806042
171	kf	1	0.3998942270943666
171	kf	2	0.18492010868821548
171	kf	3	0.4569774310344592
171	kf	4	0.8199455560068555
171	kf	5	0.7402602808916833
171	kf	6	0.6109787224379762
171	kf	7	1.0
171	kf	8	0.24202704480625822
171	kf	9	0.23499748389033182
171	kf	10	0.9257133556673595
171	kf	11	0.30285272873870733
172	kd	0	
172	kd	1	
172	kd	2	
172	kd	3	
172	kd	4	
172	kd	5	
172	kd	6	
172	kf	0	0.23292451714825693
172	kf	1	0.976178826328467
172	kf	2	1.0
172	kf	3	0.6693687107489839
172	kf	4	0.40277143420342826
172	kf	5	0.75085474656072
172	kf	6	0.7969890253439431
173	kd	0	
173	kd	1	
173	kd	2	
173	kd	3	
173	kd	4	
173	kf	0	0.11377582241402365
173	kf	1	0.8006138124279959
173	kf	2	0.10922307362884537
173	kf	3	0.24889701155648986
173	kf	4	1.0
174	kd	0	
174	kd	1	
174	kd	2	
174	kd	3	
174	kd	4	
174	kf	0	0.6872136580937298
174	kf	1	0.7364519757714914
174	kf	2	0.4804511774077974
174	kf	3	0.977988922260088
174	kf	4	1.0
175	kd	0	
175	kd	1	
175	kd	2	
175	kd	3	
175	kd	4	
175	kf	0	0.05386011191639383
175	kf	1	1.0
175	kf	2	0.7111906684308901
175	kf	3	0.7072386152635375
175	kf	4	0.8489158737363465
176	kd	0	
176	kd	1	
176	kd	2	
176	kd	3	
176	kd	4	
176	kd	5	
176	kd	6	
176	kf	0	0.4129979350280315
176	kf	1	0.38743309947805515
176	kf	2	0.23592237263591037
176	kf	3	1.0
176	kf	4	0.9082534541536635
176	kf	5	0.1407885010350474
176	kf	6	0.7086413433170715
177	kd	0	
177	kd	1	
177	kd	2	
177	kd	3	
177	kd	4	
177	kd	5	
177	kd	6	
177	kd	7	
177	kd	8	
177	kd	9	
177	kd	10	
177	kd	11	
177	kf	0	0.7160594117669811
177	kf	1	0.7174172192622095
177	kf	2	0.6083077497404024
177	kf	3	0.6820701290445408
177	kf	4	0.5325369701737549
177	kf	5	0.3237788174700102
177	kf	6	0.6706852504344827
177	kf	7	0.7560453151916863
177	kf	8	0.5290339107874109
177	kf	9	1.0
177	kf	10	0.9930727439762249
177	kf	11	0.018085387976745058
178	kd	0	
178	kd	1	
178	kd	2	
178	kd	3	
178	kd	4	
178	kd	5	
178	kd	6	
178	kd	7	
178	kd	8	
178	kd	9	
178	kd	10	
178	kf	0	0.5186985574048347
178	kf	1	0.8599651648906836
178	kf	2	0.13781451345023982
178	kf	3	0.1221457222181609
178	kf	4	0.5011048948970815
178	kf	5	0.6423587084340852
178	kf	6	0.3297322073134702
178	kf	7	1.0
178	kf	8	0.01838079229412712
178	kf	9	0.873260491065921
178	kf	10	0.2933112897500291
179	kd	0	
179	kd	1	
179	kd	2	
179	kf	0	0.6529416132331104
179	kf	1	0.09786419645971235
179	kf	2	1.0
180	kd	0	
180	kd	1	
180	kd	2	
180	kd	3	
180	kd	4	
180	kf	0	1.0
180	kf	1	0.5992256711212999
180	kf	2	0.35426490638518454
180	kf	3	0.8824694341672752
180	kf	4	0.05338409016727003
181	kd	0	
181	kd	1	
181	kd	2	
181	kd	3	
181	kd	4	
181	kd	5	
181	kd	6	
181	kf	0	0.6786684847054578
181	kf	1	0.8587989610452146
181	kf	2	0.5564261624268085
181	kf	3	0.2877647103233923
181	kf	4	1.0
181	kf	5	0.6112117305113981
181	kf	6	0.04561801953064773
182	kd	0	
182	kd	1	
182	kd	2	
182	kd	3	
182	kd	4	
182	kd	5	
182	kd	6	
182	kd	7	
182	kd	8	
182	kf	0	0.2312104198934316
182	kf	1	0.3785079125958837
182	kf	2	1.0
182	kf	3	0.6526550481266096
182	kf	4	0.5080937402061942
182	kf	5	0.6248126257759209
182	kf	6	0.504223064549899
182	kf	7	0.13281853983452083
182	kf	8	0.7170815514097617
183	kd	0	
183	kd	1	
183	kd	2	
183	kd	3	
183	kd	4	
183	kd	5	
183	kd	6	
183	kd	7	
183	kd	8	
183	kd	9	
183	kf	0	0.7480391634075053
183	kf	1	0.6558746172629933
183	kf	2	1.0
183	kf	3	0.368462153142188
183	kf	4	0.8937587452950703
183	kf	5	0.5245485603589989
183	kf	6	0.9414235387548885
183	kf	7	0.4657548831195022
183	kf	8	0.3605156861010428
183	kf	9	0.09076417235151016
184	kd	0	
184	kd	1	
184	kd	2	
184	kd	3	
184	kd	4	
184	kd	5	
184	kd	6	
184	kd	7	
184	kd	8	
184	kf	0	1.0
184	kf	1	0.9165081091900703
184	kf	2	0.5083904567266397
184	kf	3	0.5388575723743783
184	kf	4	0.2193573132676098
184	kf	5	0.9587958631664002
184	kf	6	0.15159147042414747
184	kf	7	0.21138753861237494
184	kf	8	0.5682399570419002
185	kd	0	
185	kd	1	
185	kd	2	
185	kd	3	
185	kd	4	
185	kd	5	
185	kd	6	
185	kd	7	
185	kd	8	
185	kf	0	0.25189024073172306
185	kf	1	0.7718287723610096
185	kf	2	0.15180529343211085
185	kf	3	0.6430337746059649
185	kf	4	1.0
185	kf	5	0.14278240935355566
185	kf	6	0.16199673462900743
185	kf	7	0.5321338915665627
185	kf	8	0.28998530396046485
186	kd	0	
186	kd	1	
186	kd	2	
186	kd	3	
186	kd	4	
186	kd	5	
186	kf	0	0.4401636265104754
186	kf	1	0.6582295197499146
186	kf	2	0.5637958535177953
186	kf	3	1.0
186	kf	4	0.15951906592806425
186	kf	5	0.8269434517056324
187	kd	0	
187	kd	1	
187	kd	2	
187	kd	3	
187	kd	4	
187	kd	5	
187	kd	6	
187	kd	7	
187	kd	8	
187	kd	9	
187	kd	10	
187	kd	11	
187	kf	0	0.7172069074398087
187	kf	1	0.8261048486179005
187	kf	2	0.4777598949354257
187	kf	3	0.4655317560298125
187	kf	4	0.30324526510365346
187	kf	5	0.5641578567666766
187	kf	6	0.2956128828381689
187	kf	7	0.28233536573536105
187	kf	8	0.44360412851475894
187	kf	9	0.21488133458179418
187	kf	10	0.9262373047589023
187	kf	11	1.0
188	kd	0	
188	kd	1	
188	kd	2	
188	kd	3	
188	kd	4	
188	kd	5	
188	kd	6	
188	kd	7	
188	kd	8	
188	kd	9	
188	kd	10	
188	kd	11	
188	kf	0	0.233210938753986
188	kf	1	0.7182326496759631
188	kf	2	0.38448838814250014
188	kf	3	0.505395076825296
188	kf	4	0.2397256654252279
188	kf	5	0.12040603264552581
188	kf	6	0.45084021502234256
188	kf	7	0.043426793814911296
188	kf	8	0.3721362893861985
188	kf	9	1.0
188	kf	10	0.9528794410143822
188	kf	11	0.7445975753366469
189	kd	0	
189	kd	1	
189	kd	2	
189	kd	3	
189	kf	0	0.40577364842897845
189	kf	1	0.8638771634572183
189	kf	2	1.0
189	kf	3	0.8186370021026456
190	kd	0	
190	kd	1	
190	kd	2	
190	kd	3	
190	kd	4	
190	kd	5	
190	kd	6	
190	kd	7	
190	kf	0	1.0
190	kf	1	0.6571352282194161
190	kf	2	0.14994325450626772
190	kf	3	0.3559064355886477
190	kf	4	0.46414757283212543
190	kf	5	0.1317122403016924
190	kf	6	0.014538974317598936
190	kf	7	0.3185924464991785
191	kd	0	
191	kd	1	
191	kd	2	
191	kd	3	
191	kd	4	
191	kd	5	
191	kd	6	
191	kd	7	
191	kd	8	
191	kd	9	
191	kd	10	
191	kf	0	0.3641277096425522
191	kf	1	0.2848482380001149
191	kf	2	0.226095386856529
191	kf	3	0.5153704080876023
191	kf	4	0.4576951503590787
191	kf	5	1.0
191	kf	6	0.27750788617656236
191	kf	7	0.9409807218710451
191	kf	8	0.4962402660150957
191	kf	9	0.6487673904194788
191	kf	10	0.13606255983269172
192	kd	0	
192	kd	1	
192	kd	2	
192	kd	3	
192	kd	4	
192	kd	5	
192	kd	6	
192	kd	7	
192	kd	8	
192	kd	9	
192	kd	10	
192	kf	0	0.22863281184103035
192	kf	1	0.33689778028984724
192	kf	2	0.2511480582001957
192	kf	3	0.35715925562371015
192	kf	4	0.6755043229959999
192	kf	5	0.01644130126859634
192	kf	6	0.5303591676200022
192	kf	7	0.9662448537803845
192	kf	8	0.3017169909315333
192	kf	9	1.0
192	kf	10	0.11464278866690858
193	kd	0	
193	kd	1	
193	kd	2	
193	kd	3	
193	kd	4	
193	kd	5	
193	kd	6	
193	kd	7	
193	kd	8	
193	kd	9	
193	kf	0	0.653763927253294
193	kf	1	0.7666934831437777
193	kf	2	1.0
193	kf	3	0.6563398372786158
193	kf	4	0.3308855342709086
193	kf	5	0.7767403794335523
193	kf	6	0.03617059253180881
193	kf	7	0.46421525451490064
193	kf	8	0.5103824426783504
193	kf	9	0.9636741770694778
194	kd	0	
194	kd	1	
194	kd	2	
194	kd	3	
194	kd	4	
194	kd	5	
194	kd	6	
194	kf	0	0.6570110210074751
194	kf	1	0.17315957497297538
194	kf	2	0.605350375970442
194	kf	3	0.3437905279899908
194	kf	4	1.0
194	kf	5	0.4256313077750175
194	kf	6	0.9470832120178816
195	kd	0	
195	kd	1	
195	kd	2	
195	kd	3	
195	kd	4	
195	kd	5	
195	kf	0	0.17665399491459086
195	kf	1	1.0
195	kf	2	0.09411916010325146
195	kf	3	0.881285685684723
195	kf	4	0.958970242391008
195	kf	5	0.6446906853170292
196	kd	0	
196	kd	1	
196	kd	2	
196	kd	3	
196	kd	4	
196	kd	5	
196	kd	6	
196	kd	7	
196	kd	8	
196	kd	9	
196	kd	10	
196	kd	11	
196	kf	0	0.9470276450851058
196	kf	1	0.16299533110346984
196	kf	2	0.9035903918453035
196	kf	3	0.5915242452563059
196	kf	4	0.7149221600021838
196	kf	5	0.9859651827002324
196	kf	6	1.0
196	kf	7	0.2623383390161097
196	kf	8	0.3771362989216878
196	kf	9	0.7645374863050525
196	kf	10	0.1276129743081645
196	kf	11	0.1793720476470892
197	kd	0	
197	kd	1	
197	kd	2	
197	kd	3	
197	kd	4	
197	kd	5	
197	kd	6	
197	kd	7	
197	kd	8	
197	kd	9	
197	kd	10	
197	kd	11	
197	kf	0	0.5814589953711806
197	kf	1	0.4394122286348656
197	kf	2	0.4322758824342802
197	kf	3	0.8780257733598983
197	kf	4	0.41190849402668855
197	kf	5	0.5364207284465045
197	kf	6	0.702666147298035
197	kf	7	0.4723263709108231
197	kf	8	0.6419437431686861
197	kf	9	1.0
197	kf	10	0.459984681533729
197	kf	11	0.010545949770366863
198	kd	0	
198	kd	1	
198	kd	2	
198	kd	3	
198	kf	0	0.5570426938035218
198	kf	1	0.08792763772987182
198	kf	2	0.9583828334389072
198	kf	3	1.0
199	kd	0	
199	kd	1	
199	kd	2	
199	kd	3	
199	kd	4	
199	kd	5	
199	kd	6	
199	kd	7	
199	kd	8	
199	kf	0	0.6803643405868339
199	kf	1	0.568647342647651
199	kf	2	0.983151081608144
199	kf	3	0.3323442553286459
199	kf	4	1.0
199	kf	5	0.6265085243953201
199	kf	6	0.5809105667744293
199	kf	7	0.42910007163725866
199	kf	8	0.8105429040023954
200	kd	0	
200	kd	1	
200	kd	2	
200	kd	3	
200	kf	0	1.0
200	kf	1	0.2964761617471386
200	kf	2	0.2220494608089224
200	kf	3	0.9882598332144887
201	kd	0	
201	kd	1	
201	kd	2	
201	kd	3	
201	kd	4	
201	kd	5	
201	kd	6	
201	kd	7	
201	kf	0	0.40395877450426415
201	kf	1	1.0
201	kf	2	0.8429719033186694
201	kf	3	0.36336280719693775
201	kf	4	0.13146501660260196
201	kf	5	0.23741897388706146
201	kf	6	0.5339775171777734
201	kf	7	0.6487776156466034
202	kd	0	
202	kd	1	
202	kd	2	
202	kd	3	
202	kd	4	
202	kd	5	
202	kd	6	
202	kd	7	
202	kf	0	0.8697173222156409
202	kf	1	1.0
202	kf	2	0.0730410605733487
202	kf	3	0.5939122712461237
202	kf	4	0.43913544608566724
202	kf	5	0.4367387196978796
202	kf	6	0.6862046645553771
202	kf	7	0.507535797969147
203	kd	0	
203	kd	1	
203	kd	2	
203	kd	3	
203	kd	4	
203	kd	5	
203	kd	6	
203	kd	7	
203	kf	0	0.6136827051261372
203	kf	1	0.38606016020932166
203	kf	2	0.630265721007556
203	kf	3	0.8848756961954068
203	kf	4	1.0
203	kf	5	0.8366736570582223
203	kf	6	0.781844012826824
203	kf	7	0.3714200995894283
204	kd	0	
204	kd	1	
204	kd	2	
204	kd	3	
204	kd	4	
204	kd	5	
204	kd	6	
204	kf	0	0.9359468489407634
204	kf	1	0.5896812927814821
204	kf	2	0.7561868380223957
204	kf	3	0.5874909025881406
204	kf	4	1.0
204	kf	5	0.4239107148068907
204	kf	6	0.6366201158511424
205	kd	0	
205	kd	1	
205	kd	2	
205	kd	3	
205	kd	4	
205	kd	5	
205	kd	6	
205	kd	7	
205	kf	0	0.8147566973996139
205	kf	1	0.4885046655550683
205	kf	2	0.7113360155955488
205	kf	3	0.9295730230059405
205	kf	4	0.8180893916901574
205	kf	5	0.5872133704393728
205	kf	6	1.0
205	kf	7	0.7187160223456562
206	kd	0	
206	kd	1	
206	kd	2	
206	kd	3	
206	kd	4	
206	kf	0	1.0
206	kf	1	0.9135240481267001
206	kf	2	0.9332705235354319
206	kf	3	0.1320302340177472
206	kf	4	0.44712966967980233
207	kd	0	
207	kd	1	
207	kd	2	
207	kd	3	
207	kd	4	
207	kd	5	
207	kd	6	
207	kd	7	
207	kd	8	
207	kf	0	1.0
207	kf	1	0.21359539666265415
207	kf	2	0.26810211310064036
207	kf	3	0.9726122546782113
207	kf	4	0.8605694234466362
207	kf	5	0.0010786171896839838
207	kf	6	0.0677854632952439
207	kf	7	0.18920000264480752
207	kf	8	0.5003757868203125
208	kd	0	
208	kd	1	
208	kd	2	
208	kd	3	
208	kd	4	
208	kd	5	
208	kd	6	
208	kd	7	
208	kf	0	0.7389855614052308
208	kf	1	0.23016389670342105
208	kf	2	0.3729377495548361
208	kf	3	1.0
208	kf	4	0.46124945669450873
208	kf	5	0.9712242964313105
208	kf	6	0.2713129076983316
208	kf	7	0.20077760987942353
209	kd	0	
209	kd	1	
209	kd	2	
209	kd	3	
209	kf	0	0.6733633227868904
209	kf	1	0.8018921909389614
209	kf	2	1.0
209	kf	3	0.9035684182238488
