0.0 0.029 
0.1 0.034 
0.2 0.04 
0.3 0.045 
0.4 0.052 
0.5 0.06 
0.6 0.068 
0.7 0.078 
0.8 0.09 
0.9 0.103 
1.0 0.117 
1.1 0.134 
1.2 0.153 
1.3 0.175 
1.4 0.199 
1.5 0.227 
1.6 0.258 
1.7 0.293 
1.8 0.332 
1.9 0.376 
2.0 0.425 
2.1 0.479 
2.2 0.538 
2.3 0.604 
2.4 0.675 
2.5 0.753 
2.6 0.836 
2.7 0.926 
2.8 1.021 
2.9 1.122 
3.0 1.227 
3.1 1.337 
3.2 1.45 
3.3 1.565 
3.4 1.682 
3.5 1.799 
3.6 1.916 
3.7 2.031 
3.8 2.143 
3.9 2.252 
4.0 2.357 
4.1 2.457 
4.2 2.551 
4.3 2.64 
4.4 2.724 
4.5 2.801 
4.6 2.873 
4.7 2.939 
4.8 2.999 
4.9 3.054 
5.0 3.104 
5.1 3.149 
5.2 3.19 
5.3 3.226 
5.4 3.259 
5.5 3.289 
5.6 3.315 
5.7 3.339 
5.8 3.36 
5.9 3.379 
6.0 3.395 
6.1 3.41 
6.2 3.423 
6.3 3.435 
6.4 3.445 
6.5 3.455 
6.6 3.463 
6.7 3.47 
6.8 3.476 
6.9 3.482 
7.0 3.487 
7.1 3.491 
7.2 3.495 
7.3 3.499 
7.4 3.502 
7.5 3.504 
7.6 3.507 
7.7 3.509 
7.8 3.511 
7.9 3.512 
8.0 3.514 
8.1 3.515 
8.2 3.516 
8.3 3.517 
8.4 3.518 
8.5 3.519 
8.6 3.519 
8.7 3.52 
8.8 3.52 
8.9 3.521 
9.0 3.521 
9.1 3.522 
9.2 3.522 
9.3 3.522 
9.4 3.523 
9.5 3.523 
9.6 3.523 
9.7 3.523 
9.8 3.523 
9.9 3.523 
10.0 3.523 
10.1 3.524 
10.2 3.524 
10.3 3.524 
10.4 3.524 
10.5 3.524 
10.6 3.524 
10.7 3.524 
10.8 3.524 
10.9 3.524 
11.0 3.524 
11.1 3.524 
11.2 3.524 
11.3 3.524 
11.4 3.524 
11.5 3.524 
11.6 3.524 
11.7 3.524 
11.8 3.524 
11.9 3.524 
12.0 3.524 
12.1 3.524 
12.2 3.524 
12.3 3.524 
12.4 3.524 
12.5 3.524 
12.6 3.524 
12.7 3.524 
12.8 3.524 
12.9 3.524 
13.0 3.524 
13.1 3.524 
13.2 3.524 
13.3 3.524 
13.4 3.524 
13.5 3.524 
13.6 3.524 
13.7 3.524 
13.8 3.524 
13.9 3.524 
14.0 3.524 
14.1 3.524 
14.2 3.524 
14.3 3.524 
14.4 3.524 
14.5 3.524 
14.6 3.524 
14.7 3.524 
14.8 3.524 
14.9 3.524 
15.0 3.524 
15.1 3.524 
15.2 3.524 
15.3 3.524 
15.4 3.524 
15.5 3.524 
15.6 3.524 
15.7 3.524 
15.8 3.524 
15.9 3.524 
16.0 3.524 
16.1 3.524 
16.2 3.524 
16.3 3.524 
16.4 3.524 
16.5 3.524 
16.6 3.524 
16.7 3.524 
16.8 3.524 
16.9 3.524 
17.0 3.524 
17.1 3.524 
17.2 3.524 
17.3 3.524 
17.4 3.524 
17.5 3.524 
17.6 3.524 
17.7 3.524 
17.8 3.524 
17.9 3.524 
18.0 3.524 
18.1 3.524 
18.2 3.524 
18.3 3.524 
18.4 3.524 
18.5 3.524 
18.6 3.524 
18.7 3.524 
18.8 3.524 
18.9 3.524 
19.0 3.524 
19.1 3.524 
19.2 3.524 
19.3 3.524 
19.4 3.524 
19.5 3.524 
19.6 3.524 
19.7 3.524 
19.8 3.524 
19.9 3.524 
20.0 3.524 
20.1 3.524 
20.2 3.524 
20.3 3.524 
20.4 3.524 
20.5 3.524 
20.6 3.524 
20.7 3.524 
20.8 3.524 
20.9 3.524 
21.0 3.524 
21.1 3.524 
21.2 3.524 
21.3 3.524 
21.4 3.524 
21.5 3.524 
21.6 3.524 
21.7 3.524 
21.8 3.524 
21.9 3.524 
22.0 3.524 
22.1 3.524 
22.2 3.524 
22.3 3.524 
22.4 3.524 
22.5 3.524 
22.6 3.524 
22.7 3.524 
22.8 3.524 
22.9 3.524 
23.0 3.524 
23.1 3.524 
23.2 3.524 
23.3 3.524 
23.4 3.524 
23.5 3.524 
23.6 3.524 
23.7 3.524 
23.8 3.524 
23.9 3.524 
24.0 3.524 
24.1 3.524 
24.2 3.524 
24.3 3.524 
24.4 3.524 
24.5 3.524 
24.6 3.524 
24.7 3.524 
24.8 3.524 
24.9 3.524 
25.0 3.524 
25.1 3.524 
25.2 3.524 
25.3 3.524 
25.4 3.524 
25.5 3.524 
25.6 3.524 
25.7 3.524 
25.8 3.524 
25.9 3.524 
26.0 3.524 
26.1 3.524 
26.2 3.524 
26.3 3.524 
26.4 3.524 
26.5 3.524 
26.6 3.524 
26.7 3.524 
26.8 3.524 
26.9 3.524 
27.0 3.524 
27.1 3.524 
27.2 3.524 
27.3 3.524 
27.4 3.524 
27.5 3.524 
27.6 3.524 
27.7 3.524 
27.8 3.524 
27.9 3.524 
28.0 3.524 
28.1 3.524 
28.2 3.524 
28.3 3.524 
28.4 3.524 
28.5 3.524 
28.6 3.524 
28.7 3.524 
28.8 3.524 
28.9 3.524 
29.0 3.524 
29.1 3.524 
29.2 3.524 
29.3 3.524 
29.4 3.524 
29.5 3.524 
29.6 3.524 
29.7 3.524 
29.8 3.524 
29.9 3.524 
30.0 3.524 
30.1 3.524 
30.2 3.524 
30.3 3.524 
30.4 3.524 
30.5 3.524 
30.6 3.524 
30.7 3.524 
30.8 3.524 
30.9 3.524 
31.0 3.524 
31.1 3.524 
31.2 3.524 
31.3 3.524 
31.4 3.524 
31.5 3.524 
31.6 3.524 
31.7 3.524 
31.8 3.524 
31.9 3.524 
32.0 3.524 
32.1 3.524 
32.2 3.524 
32.3 3.524 
32.4 3.524 
32.5 3.524 
32.6 3.524 
32.7 3.524 
32.8 3.524 
32.9 3.524 
33.0 3.524 
33.1 3.524 
33.2 3.524 
33.3 3.524 
33.4 3.524 
33.5 3.524 
33.6 3.524 
33.7 3.524 
33.8 3.524 
33.9 3.524 
34.0 3.524 
34.1 3.524 
34.2 3.524 
34.3 3.524 
34.4 3.524 
34.5 3.524 
34.6 3.524 
34.7 3.524 
34.8 3.524 
34.9 3.524 
35.0 3.524 
35.1 3.524 
35.2 3.524 
35.3 3.524 
35.4 3.524 
35.5 3.524 
35.6 3.524 
35.7 3.524 
35.8 3.524 
35.9 3.524 
36.0 3.524 
36.1 3.524 
36.2 3.524 
36.3 3.524 
36.4 3.524 
36.5 3.524 
36.6 3.524 
36.7 3.524 
36.8 3.524 
36.9 3.524 
37.0 3.524 
37.1 3.524 
37.2 3.524 
37.3 3.524 
37.4 3.524 
37.5 3.524 
37.6 3.524 
37.7 3.524 
37.8 3.524 
37.9 3.524 
38.0 3.524 
38.1 3.524 
38.2 3.524 
38.3 3.524 
38.4 3.524 
38.5 3.524 
38.6 3.524 
38.7 3.524 
38.8 3.524 
38.9 3.524 
39.0 3.524 
39.1 3.524 
39.2 3.524 
39.3 3.524 
39.4 3.524 
39.5 3.524 
39.6 3.524 
39.7 3.524 
39.8 3.524 
39.9 3.524 
40.0 3.524 
40.1 3.524 
40.2 3.524 
40.3 3.524 
40.4 3.524 
40.5 3.524 
40.6 3.524 
40.7 3.524 
40.8 3.524 
40.9 3.524 
41.0 3.524 
41.1 3.524 
41.2 3.524 
41.3 3.524 
41.4 3.524 
41.5 3.524 
41.6 3.524 
41.7 3.524 
41.8 3.524 
41.9 3.524 
42.0 3.524 
42.1 3.524 
42.2 3.524 
42.3 3.524 
42.4 3.524 
42.5 3.524 
42.6 3.524 
42.7 3.524 
42.8 3.524 
42.9 3.524 
43.0 3.524 
43.1 3.524 
43.2 3.524 
43.3 3.524 
43.4 3.524 
43.5 3.524 
43.6 3.524 
43.7 3.524 
43.8 3.524 
43.9 3.524 
44.0 3.524 
44.1 3.524 
44.2 3.524 
44.3 3.524 
44.4 3.524 
44.5 3.524 
44.6 3.524 
44.7 3.524 
44.8 3.524 
44.9 3.524 
45.0 3.524 
45.1 3.524 
45.2 3.524 
45.3 3.524 
45.4 3.524 
45.5 3.524 
45.6 3.524 
45.7 3.524 
45.8 3.524 
45.9 3.524 
46.0 3.524 
46.1 3.524 
46.2 3.524 
46.3 3.524 
46.4 3.524 
46.5 3.524 
46.6 3.524 
46.7 3.524 
46.8 3.524 
46.9 3.524 
47.0 3.524 
47.1 3.524 
47.2 3.524 
47.3 3.524 
47.4 3.524 
47.5 3.524 
47.6 3.524 
47.7 3.524 
47.8 3.524 
47.9 3.524 
48.0 3.524 
48.1 3.524 
48.2 3.524 
48.3 3.524 
48.4 3.524 
48.5 3.524 
48.6 3.524 
48.7 3.524 
48.8 3.524 
48.9 3.524 
49.0 3.524 
49.1 3.524 
49.2 3.524 
49.3 3.524 
49.4 3.524 
49.5 3.524 
49.6 3.524 
49.7 3.524 
49.8 3.524 
49.9 3.524 
50.0 3.524 
50.1 3.524 
50.2 3.524 
50.3 3.524 
50.4 3.524 
50.5 3.524 
50.6 3.524 
50.7 3.524 
50.8 3.524 
50.9 3.524 
51.0 3.524 
51.1 3.524 
51.2 3.524 
51.3 3.524 
51.4 3.524 
51.5 3.524 
51.6 3.524 
51.7 3.524 
51.8 3.524 
51.9 3.524 
52.0 3.524 
52.1 3.524 
52.2 3.524 
52.3 3.524 
52.4 3.524 
52.5 3.524 
52.6 3.524 
52.7 3.524 
52.8 3.524 
52.9 3.524 
53.0 3.524 
53.1 3.524 
53.2 3.524 
53.3 3.524 
53.4 3.524 
53.5 3.524 
53.6 3.524 
53.7 3.524 
53.8 3.524 
53.9 3.524 
54.0 3.524 
54.1 3.524 
54.2 3.524 
54.3 3.524 
54.4 3.524 
54.5 3.524 
54.6 3.524 
54.7 3.524 
54.8 3.524 
54.9 3.524 
55.0 3.524 
55.1 3.524 
55.2 3.524 
55.3 3.524 
55.4 3.524 
55.5 3.524 
55.6 3.524 
55.7 3.524 
55.8 3.524 
55.9 3.524 
56.0 3.524 
56.1 3.524 
56.2 3.524 
56.3 3.524 
56.4 3.524 
56.5 3.524 
56.6 3.524 
56.7 3.524 
56.8 3.524 
56.9 3.524 
57.0 3.524 
57.1 3.524 
57.2 3.524 
57.3 3.524 
57.4 3.524 
57.5 3.524 
57.6 3.524 
57.7 3.524 
57.8 3.524 
57.9 3.524 
58.0 3.524 
58.1 3.524 
58.2 3.524 
58.3 3.524 
58.4 3.524 
58.5 3.524 
58.6 3.524 
58.7 3.524 
58.8 3.524 
58.9 3.524 
59.0 3.524 
59.1 3.524 
59.2 3.524 
59.3 3.524 
59.4 3.524 
59.5 3.524 
59.6 3.524 
59.7 3.524 
59.8 3.524 
59.9 3.524 
60.0 3.524 
60.1 3.524 
60.2 3.524 
60.3 3.524 
60.4 3.524 
60.5 3.524 
60.6 3.524 
60.7 3.524 
60.8 3.524 
60.9 3.524 
61.0 3.524 
61.1 3.524 
61.2 3.524 
61.3 3.524 
61.4 3.524 
61.5 3.524 
61.6 3.524 
61.7 3.524 
61.8 3.524 
61.9 3.524 
62.0 3.524 
62.1 3.524 
62.2 3.524 
62.3 3.524 
62.4 3.524 
62.5 3.524 
62.6 3.524 
62.7 3.524 
62.8 3.524 
62.9 3.524 
63.0 3.524 
63.1 3.524 
63.2 3.524 
63.3 3.524 
63.4 3.524 
63.5 3.524 
63.6 3.524 
63.7 3.524 
63.8 3.524 
63.9 3.524 
64.0 3.524 
64.1 3.524 
64.2 3.524 
64.3 3.524 
64.4 3.524 
64.5 3.524 
64.6 3.524 
64.7 3.524 
64.8 3.524 
64.9 3.524 
65.0 3.524 
65.1 3.524 
65.2 3.524 
65.3 3.524 
65.4 3.524 
65.5 3.524 
65.6 3.524 
65.7 3.524 
65.8 3.524 
65.9 3.524 
66.0 3.524 
66.1 3.524 
66.2 3.524 
66.3 3.524 
66.4 3.524 
66.5 3.524 
66.6 3.524 
66.7 3.524 
66.8 3.524 
66.9 3.524 
67.0 3.524 
67.1 3.524 
67.2 3.524 
67.3 3.524 
67.4 3.524 
67.5 3.524 
67.6 3.524 
67.7 3.524 
67.8 3.524 
67.9 3.524 
68.0 3.524 
68.1 3.524 
68.2 3.524 
68.3 3.524 
68.4 3.524 
68.5 3.524 
68.6 3.524 
68.7 3.524 
68.8 3.524 
68.9 3.524 
69.0 3.524 
69.1 3.524 
69.2 3.524 
69.3 3.524 
69.4 3.524 
69.5 3.524 
69.6 3.524 
69.7 3.524 
69.8 3.524 
69.9 3.524 
70.0 3.524 
70.1 3.524 
70.2 3.524 
70.3 3.524 
70.4 3.524 
70.5 3.524 
70.6 3.524 
70.7 3.524 
70.8 3.524 
70.9 3.524 
71.0 3.524 
71.1 3.524 
71.2 3.524 
71.3 3.524 
71.4 3.524 
71.5 3.524 
71.6 3.524 
71.7 3.524 
71.8 3.524 
71.9 3.524 
72.0 3.524 
72.1 3.524 
72.2 3.524 
72.3 3.524 
72.4 3.524 
72.5 3.524 
72.6 3.524 
72.7 3.524 
72.8 3.524 
72.9 3.524 
73.0 3.524 
73.1 3.524 
73.2 3.524 
73.3 3.524 
73.4 3.524 
73.5 3.524 
73.6 3.524 
73.7 3.524 
73.8 3.524 
73.9 3.524 
74.0 3.524 
74.1 3.524 
74.2 3.524 
74.3 3.524 
74.4 3.524 
74.5 3.524 
74.6 3.524 
74.7 3.524 
74.8 3.524 
74.9 3.524 
75.0 3.524 
75.1 3.524 
75.2 3.524 
75.3 3.524 
75.4 3.524 
75.5 3.524 
75.6 3.524 
75.7 3.524 
75.8 3.524 
75.9 3.524 
76.0 3.524 
76.1 3.524 
76.2 3.524 
76.3 3.524 
76.4 3.524 
76.5 3.524 
76.6 3.524 
76.7 3.524 
76.8 3.524 
76.9 3.524 
77.0 3.524 
77.1 3.524 
77.2 3.524 
77.3 3.524 
77.4 3.524 
77.5 3.524 
77.6 3.524 
77.7 3.524 
77.8 3.524 
77.9 3.524 
78.0 3.524 
78.1 3.524 
78.2 3.524 
78.3 3.524 
78.4 3.524 
78.5 3.524 
78.6 3.524 
78.7 3.524 
78.8 3.524 
78.9 3.524 
79.0 3.524 
79.1 3.524 
79.2 3.524 
79.3 3.524 
79.4 3.524 
79.5 3.524 
79.6 3.524 
79.7 3.524 
79.8 3.524 
79.9 3.524 
80.0 3.524 
80.1 3.524 
80.2 3.524 
80.3 3.524 
80.4 3.524 
80.5 3.524 
80.6 3.524 
80.7 3.524 
80.8 3.524 
80.9 3.524 
81.0 3.524 
81.1 3.524 
81.2 3.524 
81.3 3.524 
81.4 3.524 
81.5 3.524 
81.6 3.524 
81.7 3.524 
81.8 3.524 
81.9 3.524 
82.0 3.524 
82.1 3.524 
82.2 3.524 
82.3 3.524 
82.4 3.524 
82.5 3.524 
82.6 3.524 
82.7 3.524 
82.8 3.524 
82.9 3.524 
83.0 3.524 
83.1 3.524 
83.2 3.524 
83.3 3.524 
83.4 3.524 
83.5 3.524 
83.6 3.524 
83.7 3.524 
83.8 3.524 
83.9 3.524 
84.0 3.524 
84.1 3.524 
84.2 3.524 
84.3 3.524 
84.4 3.524 
84.5 3.524 
84.6 3.524 
84.7 3.524 
84.8 3.524 
84.9 3.524 
85.0 3.524 
85.1 3.524 
85.2 3.524 
85.3 3.524 
85.4 3.524 
85.5 3.524 
85.6 3.524 
85.7 3.524 
85.8 3.524 
85.9 3.524 
86.0 3.524 
86.1 3.524 
86.2 3.524 
86.3 3.524 
86.4 3.524 
86.5 3.524 
86.6 3.524 
86.7 3.524 
86.8 3.524 
86.9 3.524 
87.0 3.524 
87.1 3.524 
87.2 3.524 
87.3 3.524 
87.4 3.524 
87.5 3.524 
87.6 3.524 
87.7 3.524 
87.8 3.524 
87.9 3.524 
88.0 3.524 
88.1 3.524 
88.2 3.524 
88.3 3.524 
88.4 3.524 
88.5 3.524 
88.6 3.524 
88.7 3.524 
88.8 3.524 
88.9 3.524 
89.0 3.524 
89.1 3.524 
89.2 3.524 
89.3 3.524 
89.4 3.524 
89.5 3.524 
89.6 3.524 
89.7 3.524 
89.8 3.524 
89.9 3.524 
90.0 3.524 
90.1 3.524 
90.2 3.524 
90.3 3.524 
90.4 3.524 
90.5 3.524 
90.6 3.524 
90.7 3.524 
90.8 3.524 
90.9 3.524 
91.0 3.524 
91.1 3.524 
91.2 3.524 
91.3 3.524 
91.4 3.524 
91.5 3.524 
91.6 3.524 
91.7 3.524 
91.8 3.524 
91.9 3.524 
92.0 3.524 
92.1 3.524 
92.2 3.524 
92.3 3.524 
92.4 3.524 
92.5 3.524 
92.6 3.524 
92.7 3.524 
92.8 3.524 
92.9 3.524 
93.0 3.524 
93.1 3.524 
93.2 3.524 
93.3 3.524 
93.4 3.524 
93.5 3.524 
93.6 3.524 
93.7 3.524 
93.8 3.524 
93.9 3.524 
94.0 3.524 
94.1 3.524 
94.2 3.524 
94.3 3.524 
94.4 3.524 
94.5 3.524 
94.6 3.524 
94.7 3.524 
94.8 3.524 
94.9 3.524 
95.0 3.524 
95.1 3.524 
95.2 3.524 
95.3 3.524 
95.4 3.524 
95.5 3.524 
95.6 3.524 
95.7 3.524 
95.8 3.524 
95.9 3.524 
96.0 3.524 
96.1 3.524 
96.2 3.524 
96.3 3.524 
96.4 3.524 
96.5 3.524 
96.6 3.524 
96.7 3.524 
96.8 3.524 
96.9 3.524 
97.0 3.524 
97.1 3.524 
97.2 3.524 
97.3 3.524 
97.4 3.524 
97.5 3.524 
97.6 3.524 
97.7 3.524 
97.8 3.524 
97.9 3.524 
98.0 3.524 
98.1 3.524 
98.2 3.524 
98.3 3.524 
98.4 3.524 
98.5 3.524 
98.6 3.524 
98.7 3.524 
98.8 3.524 
98.9 3.524 
99.0 3.524 
99.1 3.524 
99.2 3.524 
99.3 3.524 
99.4 3.524 
99.5 3.524 
99.6 3.524 
99.7 3.524 
99.8 3.524 
99.9 3.524 
