0.0 0.03 
0.1 0.045 
0.2 0.052 
0.3 0.061 
0.4 0.071 
0.5 0.082 
0.6 0.095 
0.7 0.11 
0.8 0.127 
0.9 0.147 
1.0 0.17 
1.1 0.197 
1.2 0.228 
1.3 0.263 
1.4 0.303 
1.5 0.35 
1.6 0.403 
1.7 0.464 
1.8 0.533 
1.9 0.612 
2.0 0.701 
2.1 0.802 
2.2 0.916 
2.3 1.044 
2.4 1.187 
2.5 1.346 
2.6 1.521 
2.7 1.714 
2.8 1.924 
2.9 2.152 
3.0 2.397 
3.1 2.657 
3.2 2.932 
3.3 3.218 
3.4 3.515 
3.5 3.817 
3.6 4.123 
3.7 4.428 
3.8 4.728 
3.9 5.022 
4.0 5.305 
4.1 5.575 
4.2 5.829 
4.3 6.067 
4.4 6.287 
4.5 6.489 
4.6 6.673 
4.7 6.839 
4.8 6.989 
4.9 7.122 
5.0 7.241 
5.1 7.346 
5.2 7.439 
5.3 7.52 
5.4 7.591 
5.5 7.653 
5.6 7.707 
5.7 7.755 
5.8 7.796 
5.9 7.831 
6.0 7.862 
6.1 7.888 
6.2 7.911 
6.3 7.931 
6.4 7.948 
6.5 7.963 
6.6 7.976 
6.7 7.987 
6.8 7.996 
6.9 8.004 
7.0 8.011 
7.1 8.017 
7.2 8.023 
7.3 8.027 
7.4 8.031 
7.5 8.034 
7.6 8.037 
7.7 8.039 
7.8 8.042 
7.9 8.043 
8.0 8.045 
8.1 8.046 
8.2 8.047 
8.3 8.048 
8.4 8.049 
8.5 8.05 
8.6 8.051 
8.7 8.051 
8.8 8.052 
8.9 8.052 
9.0 8.052 
9.1 8.053 
9.2 8.053 
9.3 8.053 
9.4 8.053 
9.5 8.053 
9.6 8.053 
9.7 8.054 
9.8 8.054 
9.9 8.054 
10.0 8.054 
10.1 8.054 
10.2 8.054 
10.3 8.054 
10.4 8.054 
10.5 8.054 
10.6 8.054 
10.7 8.054 
10.8 8.054 
10.9 8.054 
11.0 8.054 
11.1 8.054 
11.2 8.054 
11.3 8.054 
11.4 8.054 
11.5 8.054 
11.6 8.054 
11.7 8.054 
11.8 8.054 
11.9 8.054 
12.0 8.054 
12.1 8.054 
12.2 8.054 
12.3 8.054 
12.4 8.054 
12.5 8.054 
12.6 8.054 
12.7 8.054 
12.8 8.054 
12.9 8.054 
13.0 8.054 
13.1 8.054 
13.2 8.054 
13.3 8.054 
13.4 8.054 
13.5 8.054 
13.6 8.054 
13.7 8.054 
13.8 8.054 
13.9 8.054 
14.0 8.054 
14.1 8.054 
14.2 8.054 
14.3 8.054 
14.4 8.054 
14.5 8.054 
14.6 8.054 
14.7 8.054 
14.8 8.054 
14.9 8.054 
15.0 8.054 
15.1 8.054 
15.2 8.054 
15.3 8.054 
15.4 8.054 
15.5 8.054 
15.6 8.054 
15.7 8.054 
15.8 8.054 
15.9 8.054 
16.0 8.054 
16.1 8.054 
16.2 8.054 
16.3 8.054 
16.4 8.054 
16.5 8.054 
16.6 8.054 
16.7 8.054 
16.8 8.054 
16.9 8.054 
17.0 8.054 
17.1 8.054 
17.2 8.054 
17.3 8.054 
17.4 8.054 
17.5 8.054 
17.6 8.054 
17.7 8.054 
17.8 8.054 
17.9 8.054 
18.0 8.054 
18.1 8.054 
18.2 8.054 
18.3 8.054 
18.4 8.054 
18.5 8.054 
18.6 8.054 
18.7 8.054 
18.8 8.054 
18.9 8.054 
19.0 8.054 
19.1 8.054 
19.2 8.054 
19.3 8.054 
19.4 8.054 
19.5 8.054 
19.6 8.054 
19.7 8.054 
19.8 8.054 
19.9 8.054 
20.0 8.054 
20.1 8.054 
20.2 8.054 
20.3 8.054 
20.4 8.054 
20.5 8.054 
20.6 8.054 
20.7 8.054 
20.8 8.054 
20.9 8.054 
21.0 8.054 
21.1 8.054 
21.2 8.054 
21.3 8.054 
21.4 8.054 
21.5 8.054 
21.6 8.054 
21.7 8.054 
21.8 8.054 
21.9 8.054 
22.0 8.054 
22.1 8.054 
22.2 8.054 
22.3 8.054 
22.4 8.054 
22.5 8.054 
22.6 8.054 
22.7 8.054 
22.8 8.054 
22.9 8.054 
23.0 8.054 
23.1 8.054 
23.2 8.054 
23.3 8.054 
23.4 8.054 
23.5 8.054 
23.6 8.054 
23.7 8.054 
23.8 8.054 
23.9 8.054 
24.0 8.054 
24.1 8.054 
24.2 8.054 
24.3 8.054 
24.4 8.054 
24.5 8.054 
24.6 8.054 
24.7 8.054 
24.8 8.054 
24.9 8.054 
25.0 8.054 
25.1 8.054 
25.2 8.054 
25.3 8.054 
25.4 8.054 
25.5 8.054 
25.6 8.054 
25.7 8.054 
25.8 8.054 
25.9 8.054 
26.0 8.054 
26.1 8.054 
26.2 8.054 
26.3 8.054 
26.4 8.054 
26.5 8.054 
26.6 8.054 
26.7 8.054 
26.8 8.054 
26.9 8.054 
27.0 8.054 
27.1 8.054 
27.2 8.054 
27.3 8.054 
27.4 8.054 
27.5 8.054 
27.6 8.054 
27.7 8.054 
27.8 8.054 
27.9 8.054 
28.0 8.054 
28.1 8.054 
28.2 8.054 
28.3 8.054 
28.4 8.054 
28.5 8.054 
28.6 8.054 
28.7 8.054 
28.8 8.054 
28.9 8.054 
29.0 8.054 
29.1 8.054 
29.2 8.054 
29.3 8.054 
29.4 8.054 
29.5 8.054 
29.6 8.054 
29.7 8.054 
29.8 8.054 
29.9 8.054 
30.0 8.054 
30.1 8.054 
30.2 8.054 
30.3 8.054 
30.4 8.054 
30.5 8.054 
30.6 8.054 
30.7 8.054 
30.8 8.054 
30.9 8.054 
31.0 8.054 
31.1 8.054 
31.2 8.054 
31.3 8.054 
31.4 8.054 
31.5 8.054 
31.6 8.054 
31.7 8.054 
31.8 8.054 
31.9 8.054 
32.0 8.054 
32.1 8.054 
32.2 8.054 
32.3 8.054 
32.4 8.054 
32.5 8.054 
32.6 8.054 
32.7 8.054 
32.8 8.054 
32.9 8.054 
33.0 8.054 
33.1 8.054 
33.2 8.054 
33.3 8.054 
33.4 8.054 
33.5 8.054 
33.6 8.054 
33.7 8.054 
33.8 8.054 
33.9 8.054 
34.0 8.054 
34.1 8.054 
34.2 8.054 
34.3 8.054 
34.4 8.054 
34.5 8.054 
34.6 8.054 
34.7 8.054 
34.8 8.054 
34.9 8.054 
35.0 8.054 
35.1 8.054 
35.2 8.054 
35.3 8.054 
35.4 8.054 
35.5 8.054 
35.6 8.054 
35.7 8.054 
35.8 8.054 
35.9 8.054 
36.0 8.054 
36.1 8.054 
36.2 8.054 
36.3 8.054 
36.4 8.054 
36.5 8.054 
36.6 8.054 
36.7 8.054 
36.8 8.054 
36.9 8.054 
37.0 8.054 
37.1 8.054 
37.2 8.054 
37.3 8.054 
37.4 8.054 
37.5 8.054 
37.6 8.054 
37.7 8.054 
37.8 8.054 
37.9 8.054 
38.0 8.054 
38.1 8.054 
38.2 8.054 
38.3 8.054 
38.4 8.054 
38.5 8.054 
38.6 8.054 
38.7 8.054 
38.8 8.054 
38.9 8.054 
39.0 8.054 
39.1 8.054 
39.2 8.054 
39.3 8.054 
39.4 8.054 
39.5 8.054 
39.6 8.054 
39.7 8.054 
39.8 8.054 
39.9 8.054 
40.0 8.054 
40.1 8.054 
40.2 8.054 
40.3 8.054 
40.4 8.054 
40.5 8.054 
40.6 8.054 
40.7 8.054 
40.8 8.054 
40.9 8.054 
41.0 8.054 
41.1 8.054 
41.2 8.054 
41.3 8.054 
41.4 8.054 
41.5 8.054 
41.6 8.054 
41.7 8.054 
41.8 8.054 
41.9 8.054 
42.0 8.054 
42.1 8.054 
42.2 8.054 
42.3 8.054 
42.4 8.054 
42.5 8.054 
42.6 8.054 
42.7 8.054 
42.8 8.054 
42.9 8.054 
43.0 8.054 
43.1 8.054 
43.2 8.054 
43.3 8.054 
43.4 8.054 
43.5 8.054 
43.6 8.054 
43.7 8.054 
43.8 8.054 
43.9 8.054 
44.0 8.054 
44.1 8.054 
44.2 8.054 
44.3 8.054 
44.4 8.054 
44.5 8.054 
44.6 8.054 
44.7 8.054 
44.8 8.054 
44.9 8.054 
45.0 8.054 
45.1 8.054 
45.2 8.054 
45.3 8.054 
45.4 8.054 
45.5 8.054 
45.6 8.054 
45.7 8.054 
45.8 8.054 
45.9 8.054 
46.0 8.054 
46.1 8.054 
46.2 8.054 
46.3 8.054 
46.4 8.054 
46.5 8.054 
46.6 8.054 
46.7 8.054 
46.8 8.054 
46.9 8.054 
47.0 8.054 
47.1 8.054 
47.2 8.054 
47.3 8.054 
47.4 8.054 
47.5 8.054 
47.6 8.054 
47.7 8.054 
47.8 8.054 
47.9 8.054 
48.0 8.054 
48.1 8.054 
48.2 8.054 
48.3 8.054 
48.4 8.054 
48.5 8.054 
48.6 8.054 
48.7 8.054 
48.8 8.054 
48.9 8.054 
49.0 8.054 
49.1 8.054 
49.2 8.054 
49.3 8.054 
49.4 8.054 
49.5 8.054 
49.6 8.054 
49.7 8.054 
49.8 8.054 
49.9 8.054 
50.0 8.054 
50.1 8.054 
50.2 8.054 
50.3 8.054 
50.4 8.054 
50.5 8.054 
50.6 8.054 
50.7 8.054 
50.8 8.054 
50.9 8.054 
51.0 8.054 
51.1 8.054 
51.2 8.054 
51.3 8.054 
51.4 8.054 
51.5 8.054 
51.6 8.054 
51.7 8.054 
51.8 8.054 
51.9 8.054 
52.0 8.054 
52.1 8.054 
52.2 8.054 
52.3 8.054 
52.4 8.054 
52.5 8.054 
52.6 8.054 
52.7 8.054 
52.8 8.054 
52.9 8.054 
53.0 8.054 
53.1 8.054 
53.2 8.054 
53.3 8.054 
53.4 8.054 
53.5 8.054 
53.6 8.054 
53.7 8.054 
53.8 8.054 
53.9 8.054 
54.0 8.054 
54.1 8.054 
54.2 8.054 
54.3 8.054 
54.4 8.054 
54.5 8.054 
54.6 8.054 
54.7 8.054 
54.8 8.054 
54.9 8.054 
55.0 8.054 
55.1 8.054 
55.2 8.054 
55.3 8.054 
55.4 8.054 
55.5 8.054 
55.6 8.054 
55.7 8.054 
55.8 8.054 
55.9 8.054 
56.0 8.054 
56.1 8.054 
56.2 8.054 
56.3 8.054 
56.4 8.054 
56.5 8.054 
56.6 8.054 
56.7 8.054 
56.8 8.054 
56.9 8.054 
57.0 8.054 
57.1 8.054 
57.2 8.054 
57.3 8.054 
57.4 8.054 
57.5 8.054 
57.6 8.054 
57.7 8.054 
57.8 8.054 
57.9 8.054 
58.0 8.054 
58.1 8.054 
58.2 8.054 
58.3 8.054 
58.4 8.054 
58.5 8.054 
58.6 8.054 
58.7 8.054 
58.8 8.054 
58.9 8.054 
59.0 8.054 
59.1 8.054 
59.2 8.054 
59.3 8.054 
59.4 8.054 
59.5 8.054 
59.6 8.054 
59.7 8.054 
59.8 8.054 
59.9 8.054 
60.0 8.054 
60.1 8.054 
60.2 8.054 
60.3 8.054 
60.4 8.054 
60.5 8.054 
60.6 8.054 
60.7 8.054 
60.8 8.054 
60.9 8.054 
61.0 8.054 
61.1 8.054 
61.2 8.054 
61.3 8.054 
61.4 8.054 
61.5 8.054 
61.6 8.054 
61.7 8.054 
61.8 8.054 
61.9 8.054 
62.0 8.054 
62.1 8.054 
62.2 8.054 
62.3 8.054 
62.4 8.054 
62.5 8.054 
62.6 8.054 
62.7 8.054 
62.8 8.054 
62.9 8.054 
63.0 8.054 
63.1 8.054 
63.2 8.054 
63.3 8.054 
63.4 8.054 
63.5 8.054 
63.6 8.054 
63.7 8.054 
63.8 8.054 
63.9 8.054 
64.0 8.054 
64.1 8.054 
64.2 8.054 
64.3 8.054 
64.4 8.054 
64.5 8.054 
64.6 8.054 
64.7 8.054 
64.8 8.054 
64.9 8.054 
65.0 8.054 
65.1 8.054 
65.2 8.054 
65.3 8.054 
65.4 8.054 
65.5 8.054 
65.6 8.054 
65.7 8.054 
65.8 8.054 
65.9 8.054 
66.0 8.054 
66.1 8.054 
66.2 8.054 
66.3 8.054 
66.4 8.054 
66.5 8.054 
66.6 8.054 
66.7 8.054 
66.8 8.054 
66.9 8.054 
67.0 8.054 
67.1 8.054 
67.2 8.054 
67.3 8.054 
67.4 8.054 
67.5 8.054 
67.6 8.054 
67.7 8.054 
67.8 8.054 
67.9 8.054 
68.0 8.054 
68.1 8.054 
68.2 8.054 
68.3 8.054 
68.4 8.054 
68.5 8.054 
68.6 8.054 
68.7 8.054 
68.8 8.054 
68.9 8.054 
69.0 8.054 
69.1 8.054 
69.2 8.054 
69.3 8.054 
69.4 8.054 
69.5 8.054 
69.6 8.054 
69.7 8.054 
69.8 8.054 
69.9 8.054 
70.0 8.054 
70.1 8.054 
70.2 8.054 
70.3 8.054 
70.4 8.054 
70.5 8.054 
70.6 8.054 
70.7 8.054 
70.8 8.054 
70.9 8.054 
71.0 8.054 
71.1 8.054 
71.2 8.054 
71.3 8.054 
71.4 8.054 
71.5 8.054 
71.6 8.054 
71.7 8.054 
71.8 8.054 
71.9 8.054 
72.0 8.054 
72.1 8.054 
72.2 8.054 
72.3 8.054 
72.4 8.054 
72.5 8.054 
72.6 8.054 
72.7 8.054 
72.8 8.054 
72.9 8.054 
73.0 8.054 
73.1 8.054 
73.2 8.054 
73.3 8.054 
73.4 8.054 
73.5 8.054 
73.6 8.054 
73.7 8.054 
73.8 8.054 
73.9 8.054 
74.0 8.054 
74.1 8.054 
74.2 8.054 
74.3 8.054 
74.4 8.054 
74.5 8.054 
74.6 8.054 
74.7 8.054 
74.8 8.054 
74.9 8.054 
75.0 8.054 
75.1 8.054 
75.2 8.054 
75.3 8.054 
75.4 8.054 
75.5 8.054 
75.6 8.054 
75.7 8.054 
75.8 8.054 
75.9 8.054 
76.0 8.054 
76.1 8.054 
76.2 8.054 
76.3 8.054 
76.4 8.054 
76.5 8.054 
76.6 8.054 
76.7 8.054 
76.8 8.054 
76.9 8.054 
77.0 8.054 
77.1 8.054 
77.2 8.054 
77.3 8.054 
77.4 8.054 
77.5 8.054 
77.6 8.054 
77.7 8.054 
77.8 8.054 
77.9 8.054 
78.0 8.054 
78.1 8.054 
78.2 8.054 
78.3 8.054 
78.4 8.054 
78.5 8.054 
78.6 8.054 
78.7 8.054 
78.8 8.054 
78.9 8.054 
79.0 8.054 
79.1 8.054 
79.2 8.054 
79.3 8.054 
79.4 8.054 
79.5 8.054 
79.6 8.054 
79.7 8.054 
79.8 8.054 
79.9 8.054 
80.0 8.054 
80.1 8.054 
80.2 8.054 
80.3 8.054 
80.4 8.054 
80.5 8.054 
80.6 8.054 
80.7 8.054 
80.8 8.054 
80.9 8.054 
81.0 8.054 
81.1 8.054 
81.2 8.054 
81.3 8.054 
81.4 8.054 
81.5 8.054 
81.6 8.054 
81.7 8.054 
81.8 8.054 
81.9 8.054 
82.0 8.054 
82.1 8.054 
82.2 8.054 
82.3 8.054 
82.4 8.054 
82.5 8.054 
82.6 8.054 
82.7 8.054 
82.8 8.054 
82.9 8.054 
83.0 8.054 
83.1 8.054 
83.2 8.054 
83.3 8.054 
83.4 8.054 
83.5 8.054 
83.6 8.054 
83.7 8.054 
83.8 8.054 
83.9 8.054 
84.0 8.054 
84.1 8.054 
84.2 8.054 
84.3 8.054 
84.4 8.054 
84.5 8.054 
84.6 8.054 
84.7 8.054 
84.8 8.054 
84.9 8.054 
85.0 8.054 
85.1 8.054 
85.2 8.054 
85.3 8.054 
85.4 8.054 
85.5 8.054 
85.6 8.054 
85.7 8.054 
85.8 8.054 
85.9 8.054 
86.0 8.054 
86.1 8.054 
86.2 8.054 
86.3 8.054 
86.4 8.054 
86.5 8.054 
86.6 8.054 
86.7 8.054 
86.8 8.054 
86.9 8.054 
87.0 8.054 
87.1 8.054 
87.2 8.054 
87.3 8.054 
87.4 8.054 
87.5 8.054 
87.6 8.054 
87.7 8.054 
87.8 8.054 
87.9 8.054 
88.0 8.054 
88.1 8.054 
88.2 8.054 
88.3 8.054 
88.4 8.054 
88.5 8.054 
88.6 8.054 
88.7 8.054 
88.8 8.054 
88.9 8.054 
89.0 8.054 
89.1 8.054 
89.2 8.054 
89.3 8.054 
89.4 8.054 
89.5 8.054 
89.6 8.054 
89.7 8.054 
89.8 8.054 
89.9 8.054 
90.0 8.054 
90.1 8.054 
90.2 8.054 
90.3 8.054 
90.4 8.054 
90.5 8.054 
90.6 8.054 
90.7 8.054 
90.8 8.054 
90.9 8.054 
91.0 8.054 
91.1 8.054 
91.2 8.054 
91.3 8.054 
91.4 8.054 
91.5 8.054 
91.6 8.054 
91.7 8.054 
91.8 8.054 
91.9 8.054 
92.0 8.054 
92.1 8.054 
92.2 8.054 
92.3 8.054 
92.4 8.054 
92.5 8.054 
92.6 8.054 
92.7 8.054 
92.8 8.054 
92.9 8.054 
93.0 8.054 
93.1 8.054 
93.2 8.054 
93.3 8.054 
93.4 8.054 
93.5 8.054 
93.6 8.054 
93.7 8.054 
93.8 8.054 
93.9 8.054 
94.0 8.054 
94.1 8.054 
94.2 8.054 
94.3 8.054 
94.4 8.054 
94.5 8.054 
94.6 8.054 
94.7 8.054 
94.8 8.054 
94.9 8.054 
95.0 8.054 
95.1 8.054 
95.2 8.054 
95.3 8.054 
95.4 8.054 
95.5 8.054 
95.6 8.054 
95.7 8.054 
95.8 8.054 
95.9 8.054 
96.0 8.054 
96.1 8.054 
96.2 8.054 
96.3 8.054 
96.4 8.054 
96.5 8.054 
96.6 8.054 
96.7 8.054 
96.8 8.054 
96.9 8.054 
97.0 8.054 
97.1 8.054 
97.2 8.054 
97.3 8.054 
97.4 8.054 
97.5 8.054 
97.6 8.054 
97.7 8.054 
97.8 8.054 
97.9 8.054 
98.0 8.054 
98.1 8.054 
98.2 8.054 
98.3 8.054 
98.4 8.054 
98.5 8.054 
98.6 8.054 
98.7 8.054 
98.8 8.054 
98.9 8.054 
99.0 8.054 
99.1 8.054 
99.2 8.054 
99.3 8.054 
99.4 8.054 
99.5 8.054 
99.6 8.054 
99.7 8.054 
99.8 8.054 
99.9 8.054 
